Number of points = 2993775
Number of subfaces = 3397118
Number of segments = 2340332
Number of tetrahedra = 13490369
Number of bad tetrahedra = 896180
Total time = 265093.000000
CPU time = 8010.000000
  Splitting segments time = 0.000000
  Splitting subfaces time = 0.000000
  Splitting bad tets time = 0.000000
GPU time = 257083.000000
  Reconstruction time = 2744.506104
  Initialization time = 448.854065
  Splitting segments time = 21051.363281
  Splitting subfaces time = 7.088526
  Splitting bad tets time = 232622.359375
  Output final mesh  time = 159.215347
0.000000 155170
1.000000 37889
2.000000 30468
3.000000 35021
4.000000 44054
5.000000 53790
6.000000 63481
7.000000 73894
8.000000 83815
9.000000 94644
10.000000 105623
11.000000 117347
12.000000 128954
13.000000 142269
14.000000 156762
15.000000 169692
16.000000 185483
17.000000 200843
18.000000 216933
19.000000 233453
20.000000 250598
21.000000 269430
22.000000 289674
23.000000 310204
24.000000 336234
25.000000 364420
26.000000 392333
27.000000 426015
28.000000 460507
29.000000 495477
30.000000 529223
31.000000 561914
32.000000 597128
33.000000 633070
34.000000 672032
35.000000 710740
36.000000 750072
37.000000 785843
38.000000 826805
39.000000 862923
40.000000 896951
41.000000 925002
42.000000 943760
43.000000 964691
44.000000 985927
45.000000 1005780
46.000000 1019326
47.000000 1038504
48.000000 1054666
49.000000 1072816
50.000000 1084284
51.000000 1096337
52.000000 1105339
53.000000 1111614
54.000000 1115477
55.000000 1117495
56.000000 1119373
57.000000 1117841
58.000000 1122142
59.000000 1115801
60.000000 1113726
61.000000 1108393
62.000000 1104448
63.000000 1100212
64.000000 1091499
65.000000 1086501
66.000000 1082086
67.000000 1080052
68.000000 1089123
69.000000 1112826
70.000000 1109527
71.000000 1092795
72.000000 1070382
73.000000 1042919
74.000000 1015128
75.000000 986171
76.000000 960598
77.000000 948532
78.000000 903743
79.000000 857916
80.000000 822477
81.000000 793016
82.000000 766465
83.000000 745522
84.000000 726312
85.000000 706937
86.000000 689416
87.000000 670540
88.000000 655656
89.000000 654087
90.000000 634323
91.000000 604345
92.000000 589110
93.000000 574618
94.000000 558964
95.000000 546544
96.000000 534190
97.000000 523823
98.000000 514125
99.000000 510451
100.000000 506011
101.000000 504921
102.000000 497243
103.000000 485333
104.000000 474802
105.000000 464351
106.000000 453790
107.000000 440620
108.000000 428246
109.000000 412957
110.000000 393854
111.000000 374946
112.000000 358427
113.000000 344502
114.000000 330847
115.000000 319681
116.000000 309314
117.000000 297774
118.000000 287777
119.000000 277260
120.000000 266439
121.000000 255338
122.000000 244711
123.000000 234076
124.000000 222162
125.000000 210829
126.000000 201183
127.000000 189676
128.000000 179791
129.000000 170561
130.000000 160821
131.000000 152131
132.000000 144653
133.000000 137061
134.000000 129953
135.000000 124089
136.000000 118018
137.000000 112962
138.000000 108437
139.000000 103914
140.000000 99480
141.000000 95426
142.000000 91690
143.000000 87597
144.000000 84014
145.000000 80100
146.000000 76877
147.000000 73513
148.000000 70436
149.000000 67704
150.000000 65282
151.000000 62258
152.000000 59606
153.000000 57422
154.000000 54432
155.000000 52484
156.000000 49516
157.000000 47625
158.000000 45321
159.000000 42959
160.000000 40674
161.000000 38545
162.000000 36110
163.000000 33640
164.000000 31828
165.000000 30210
166.000000 27949
167.000000 25723
168.000000 24061
169.000000 21543
170.000000 19573
171.000000 17627
172.000000 15516
173.000000 13366
174.000000 11495
175.000000 10010
176.000000 9452
177.000000 11138
178.000000 15527
179.000000 29845
180.000000 40328
