Number of points = 3020626
Number of subfaces = 3359784
Number of segments = 2327701
Number of tetrahedra = 13775010
Number of bad tetrahedra = 896610
Total time = 201692.000000
CPU time = 21344.000000
  Splitting segments time = 10423.000000
  Splitting subfaces time = 627.000000
  Splitting bad tets time = 0.000000
GPU time = 180348.000000
  Reconstruction time = 8673.579102
  Initialization time = 716.844177
  Splitting segments time = 170753.171875
  Splitting subfaces time = 0.000000
  Splitting bad tets time = 0.000000
  Output final mesh  time = 153.856171
0.000000 150944
1.000000 33925
2.000000 30428
3.000000 36220
4.000000 45504
5.000000 55983
6.000000 66148
7.000000 76490
8.000000 86665
9.000000 97811
10.000000 108620
11.000000 120041
12.000000 133040
13.000000 145577
14.000000 158857
15.000000 173310
16.000000 187690
17.000000 202717
18.000000 218943
19.000000 234793
20.000000 253206
21.000000 271740
22.000000 293040
23.000000 314370
24.000000 341915
25.000000 371579
26.000000 402199
27.000000 438576
28.000000 476932
29.000000 518403
30.000000 549149
31.000000 584783
32.000000 619362
33.000000 657298
34.000000 696484
35.000000 732754
36.000000 770924
37.000000 805709
38.000000 843338
39.000000 876801
40.000000 907778
41.000000 930603
42.000000 944945
43.000000 959199
44.000000 972631
45.000000 989253
46.000000 1004998
47.000000 1019092
48.000000 1036695
49.000000 1054228
50.000000 1073131
51.000000 1087899
52.000000 1106669
53.000000 1125692
54.000000 1140819
55.000000 1152869
56.000000 1170178
57.000000 1183100
58.000000 1189401
59.000000 1199680
60.000000 1204055
61.000000 1202895
62.000000 1200522
63.000000 1191782
64.000000 1179047
65.000000 1161506
66.000000 1145356
67.000000 1132482
68.000000 1128910
69.000000 1143413
70.000000 1126729
71.000000 1096161
72.000000 1066337
73.000000 1034690
74.000000 1004846
75.000000 979019
76.000000 957032
77.000000 960802
78.000000 927234
79.000000 883115
80.000000 844513
81.000000 808336
82.000000 778333
83.000000 751554
84.000000 730089
85.000000 712357
86.000000 694656
87.000000 677295
88.000000 663992
89.000000 671277
90.000000 648414
91.000000 609657
92.000000 591415
93.000000 575547
94.000000 561767
95.000000 549509
96.000000 538021
97.000000 530362
98.000000 525588
99.000000 521091
100.000000 515256
101.000000 511041
102.000000 497963
103.000000 479283
104.000000 463306
105.000000 451502
106.000000 442317
107.000000 430547
108.000000 419188
109.000000 408879
110.000000 394332
111.000000 379849
112.000000 366155
113.000000 357120
114.000000 345112
115.000000 336479
116.000000 327466
117.000000 318417
118.000000 306593
119.000000 296247
120.000000 284418
121.000000 271583
122.000000 259681
123.000000 247554
124.000000 233700
125.000000 220732
126.000000 209250
127.000000 195774
128.000000 184862
129.000000 172977
130.000000 162860
131.000000 153193
132.000000 145254
133.000000 137060
134.000000 129744
135.000000 123870
136.000000 118623
137.000000 114130
138.000000 108972
139.000000 104428
140.000000 100380
141.000000 96215
142.000000 92130
143.000000 88062
144.000000 84630
145.000000 80827
146.000000 77404
147.000000 73720
148.000000 70330
149.000000 67404
150.000000 65188
151.000000 62181
152.000000 60084
153.000000 56952
154.000000 54569
155.000000 51973
156.000000 49994
157.000000 47687
158.000000 45358
159.000000 43646
160.000000 41424
161.000000 39100
162.000000 37480
163.000000 35142
164.000000 33666
165.000000 31107
166.000000 29075
167.000000 26611
168.000000 24793
169.000000 22701
170.000000 20786
171.000000 18440
172.000000 16226
173.000000 14080
174.000000 11836
175.000000 10231
176.000000 9425
177.000000 10249
178.000000 13325
179.000000 27641
180.000000 41437
