Number of points = 2978746
Number of subfaces = 3336934
Number of segments = 2318441
Number of tetrahedra = 13532576
Number of bad tetrahedra = 896642
Total time = 1475026.000000
CPU time = 1475026.000000
  Splitting segments time = 10226.000000
  Splitting subfaces time = 622.000000
  Splitting bad tets time = 1439563.000000
GPU time = 0.000000
  Reconstruction time = 0.000000
  Initialization time = 0.000000
  Splitting segments time = 0.000000
  Splitting subfaces time = 0.000000
  Splitting bad tets time = 0.000000
  Output final mesh  time = 0.000000
0.000000 160989
1.000000 33125
2.000000 29778
3.000000 35411
4.000000 44661
5.000000 54277
6.000000 64491
7.000000 74783
8.000000 85046
9.000000 95019
10.000000 106637
11.000000 118272
12.000000 129608
13.000000 143310
14.000000 156683
15.000000 171331
16.000000 186108
17.000000 201262
18.000000 216220
19.000000 233466
20.000000 251562
21.000000 270054
22.000000 289326
23.000000 312604
24.000000 338076
25.000000 367510
26.000000 397444
27.000000 433467
28.000000 469905
29.000000 509129
30.000000 540191
31.000000 574596
32.000000 610244
33.000000 645423
34.000000 682042
35.000000 721242
36.000000 759330
37.000000 793717
38.000000 827807
39.000000 862554
40.000000 889229
41.000000 917407
42.000000 932224
43.000000 947567
44.000000 960476
45.000000 976713
46.000000 990942
47.000000 1006004
48.000000 1024116
49.000000 1037159
50.000000 1055879
51.000000 1069023
52.000000 1086153
53.000000 1097868
54.000000 1112699
55.000000 1122957
56.000000 1135182
57.000000 1146060
58.000000 1150717
59.000000 1155585
60.000000 1155952
61.000000 1157746
62.000000 1154879
63.000000 1148338
64.000000 1138506
65.000000 1127860
66.000000 1116003
67.000000 1107723
68.000000 1108257
69.000000 1127216
70.000000 1114996
71.000000 1089712
72.000000 1059803
73.000000 1030541
74.000000 1001029
75.000000 974186
76.000000 953915
77.000000 952024
78.000000 914205
79.000000 871979
80.000000 834452
81.000000 798551
82.000000 768363
83.000000 743928
84.000000 722852
85.000000 702902
86.000000 685094
87.000000 667796
88.000000 652951
89.000000 656186
90.000000 636866
91.000000 600479
92.000000 584251
93.000000 567923
94.000000 554304
95.000000 540307
96.000000 530152
97.000000 521721
98.000000 516235
99.000000 513179
100.000000 509102
101.000000 502313
102.000000 489973
103.000000 474363
104.000000 463054
105.000000 449815
106.000000 439776
107.000000 429198
108.000000 416897
109.000000 403182
110.000000 388492
111.000000 372847
112.000000 358812
113.000000 347117
114.000000 337941
115.000000 326763
116.000000 316791
117.000000 307068
118.000000 296194
119.000000 286332
120.000000 275044
121.000000 262926
122.000000 251776
123.000000 239861
124.000000 227172
125.000000 214876
126.000000 203342
127.000000 191318
128.000000 180121
129.000000 169572
130.000000 160104
131.000000 151398
132.000000 142634
133.000000 135602
134.000000 129095
135.000000 123277
136.000000 117808
137.000000 112655
138.000000 108636
139.000000 103503
140.000000 99437
141.000000 95390
142.000000 91203
143.000000 87543
144.000000 83698
145.000000 80197
146.000000 76124
147.000000 73133
148.000000 70242
149.000000 67440
150.000000 64586
151.000000 61860
152.000000 58886
153.000000 56981
154.000000 54056
155.000000 51682
156.000000 48758
157.000000 46809
158.000000 44716
159.000000 42819
160.000000 40900
161.000000 38275
162.000000 36557
163.000000 34614
164.000000 32080
165.000000 30259
166.000000 28141
167.000000 26190
168.000000 24357
169.000000 22126
170.000000 19799
171.000000 18231
172.000000 15770
173.000000 13706
174.000000 11634
175.000000 9845
176.000000 9422
177.000000 9868
178.000000 13341
179.000000 28819
180.000000 45190
