Number of points = 2546121
Number of subfaces = 3097940
Number of segments = 1592127
Number of tetrahedra = 11274785
Number of bad tetrahedra = 1347142
Total time = 127317.000000
CPU time = 5319.000000
  Splitting segments time = 0.000000
  Splitting subfaces time = 0.000000
  Splitting bad tets time = 0.000000
GPU time = 121998.000000
  Reconstruction time = 2270.433594
  Initialization time = 409.064789
  Splitting segments time = 14098.978516
  Splitting subfaces time = 1956.241211
  Splitting bad tets time = 103083.226563
  Output final mesh  time = 128.880539
0.000000 750300
1.000000 22974
2.000000 34489
3.000000 47323
4.000000 59770
5.000000 71760
6.000000 82523
7.000000 91452
8.000000 100041
9.000000 108268
10.000000 116283
11.000000 124483
12.000000 133523
13.000000 141835
14.000000 151421
15.000000 160668
16.000000 172082
17.000000 182110
18.000000 194267
19.000000 205994
20.000000 218241
21.000000 231229
22.000000 246058
23.000000 263701
24.000000 283078
25.000000 306522
26.000000 330500
27.000000 358501
28.000000 384108
29.000000 411862
30.000000 432026
31.000000 458742
32.000000 485653
33.000000 513837
34.000000 543433
35.000000 573058
36.000000 603235
37.000000 631445
38.000000 658365
39.000000 683129
40.000000 706346
41.000000 728651
42.000000 739906
43.000000 754090
44.000000 772114
45.000000 789841
46.000000 807852
47.000000 827009
48.000000 849506
49.000000 870417
50.000000 881971
51.000000 893461
52.000000 902969
53.000000 905724
54.000000 910168
55.000000 910119
56.000000 911092
57.000000 907908
58.000000 905237
59.000000 898495
60.000000 894917
61.000000 884319
62.000000 876136
63.000000 867376
64.000000 860937
65.000000 855068
66.000000 852294
67.000000 852618
68.000000 869124
69.000000 901740
70.000000 902741
71.000000 881481
72.000000 855898
73.000000 834480
74.000000 810689
75.000000 791009
76.000000 776214
77.000000 762263
78.000000 735977
79.000000 709892
80.000000 687441
81.000000 666220
82.000000 650133
83.000000 636561
84.000000 626145
85.000000 614216
86.000000 605235
87.000000 593391
88.000000 580470
89.000000 581131
90.000000 573777
91.000000 539192
92.000000 527591
93.000000 513857
94.000000 498650
95.000000 485031
96.000000 473680
97.000000 462704
98.000000 451703
99.000000 442002
100.000000 437165
101.000000 428020
102.000000 419517
103.000000 407850
104.000000 395556
105.000000 382519
106.000000 372057
107.000000 360110
108.000000 349229
109.000000 336591
110.000000 320747
111.000000 302317
112.000000 287061
113.000000 274445
114.000000 264829
115.000000 254858
116.000000 246743
117.000000 238673
118.000000 230391
119.000000 223035
120.000000 214654
121.000000 207732
122.000000 199287
123.000000 191180
124.000000 182934
125.000000 174173
126.000000 165494
127.000000 158291
128.000000 149216
129.000000 142129
130.000000 134216
131.000000 126257
132.000000 118994
133.000000 112486
134.000000 104924
135.000000 99411
136.000000 94408
137.000000 90246
138.000000 86214
139.000000 82170
140.000000 79188
141.000000 75430
142.000000 72673
143.000000 69057
144.000000 66996
145.000000 64262
146.000000 61826
147.000000 58928
148.000000 56615
149.000000 54461
150.000000 53028
151.000000 50889
152.000000 48584
153.000000 46627
154.000000 44894
155.000000 42986
156.000000 41288
157.000000 39574
158.000000 38014
159.000000 36261
160.000000 35245
161.000000 33299
162.000000 31504
163.000000 30122
164.000000 28902
165.000000 27765
166.000000 25758
167.000000 24433
168.000000 22729
169.000000 21488
170.000000 19030
171.000000 17341
172.000000 15110
173.000000 13037
174.000000 11292
175.000000 9180
176.000000 7520
177.000000 5788
178.000000 4281
179.000000 97805
180.000000 273903
