Number of points = 2606609
Number of subfaces = 3144126
Number of segments = 1604434
Number of tetrahedra = 11602646
Number of bad tetrahedra = 1347344
Total time = 69774.000000
CPU time = 15573.000000
  Splitting segments time = 8245.000000
  Splitting subfaces time = 790.000000
  Splitting bad tets time = 0.000000
GPU time = 54201.000000
  Reconstruction time = 6589.568359
  Initialization time = 529.435425
  Splitting segments time = 46913.363281
  Splitting subfaces time = 0.000000
  Splitting bad tets time = 0.000000
  Output final mesh  time = 131.276947
0.000000 748084
1.000000 23969
2.000000 36368
3.000000 49048
4.000000 61588
5.000000 74376
6.000000 84854
7.000000 95264
8.000000 104502
9.000000 113973
10.000000 122370
11.000000 131309
12.000000 137051
13.000000 145593
14.000000 154812
15.000000 164676
16.000000 174709
17.000000 184891
18.000000 196283
19.000000 206868
20.000000 219948
21.000000 234002
22.000000 250436
23.000000 269849
24.000000 292252
25.000000 316220
26.000000 344355
27.000000 374746
28.000000 405473
29.000000 443406
30.000000 460583
31.000000 486110
32.000000 513780
33.000000 543373
34.000000 572940
35.000000 600701
36.000000 630377
37.000000 657151
38.000000 682131
39.000000 703587
40.000000 725172
41.000000 745511
42.000000 752274
43.000000 764409
44.000000 775292
45.000000 790899
46.000000 807504
47.000000 825560
48.000000 846374
49.000000 866417
50.000000 881371
51.000000 896088
52.000000 909026
53.000000 919582
54.000000 925795
55.000000 935560
56.000000 939852
57.000000 944465
58.000000 948214
59.000000 946811
60.000000 945464
61.000000 944102
62.000000 938285
63.000000 935641
64.000000 930899
65.000000 921873
66.000000 914340
67.000000 911914
68.000000 919247
69.000000 943838
70.000000 933594
71.000000 904200
72.000000 873153
73.000000 847765
74.000000 822406
75.000000 799087
76.000000 789055
77.000000 781825
78.000000 753304
79.000000 725371
80.000000 701671
81.000000 677435
82.000000 657564
83.000000 641628
84.000000 626952
85.000000 618425
86.000000 609770
87.000000 598676
88.000000 584715
89.000000 584856
90.000000 581176
91.000000 546355
92.000000 534191
93.000000 518570
94.000000 500695
95.000000 486997
96.000000 473774
97.000000 462565
98.000000 453409
99.000000 447080
100.000000 441133
101.000000 433754
102.000000 424219
103.000000 410202
104.000000 399663
105.000000 386024
106.000000 375830
107.000000 366533
108.000000 355614
109.000000 344108
110.000000 331359
111.000000 315965
112.000000 303859
113.000000 293353
114.000000 282728
115.000000 274079
116.000000 264613
117.000000 256189
118.000000 246093
119.000000 238004
120.000000 229732
121.000000 219197
122.000000 210161
123.000000 202065
124.000000 192546
125.000000 183340
126.000000 173435
127.000000 164842
128.000000 155854
129.000000 147501
130.000000 138926
131.000000 131351
132.000000 122886
133.000000 116319
134.000000 109270
135.000000 103690
136.000000 97880
137.000000 94166
138.000000 89568
139.000000 85235
140.000000 82105
141.000000 78540
142.000000 74924
143.000000 72400
144.000000 68673
145.000000 66129
146.000000 62949
147.000000 60656
148.000000 58098
149.000000 55558
150.000000 53315
151.000000 51164
152.000000 49402
153.000000 47314
154.000000 45579
155.000000 43543
156.000000 42384
157.000000 40529
158.000000 39544
159.000000 38186
160.000000 36858
161.000000 34950
162.000000 33681
163.000000 31932
164.000000 30585
165.000000 28891
166.000000 27292
167.000000 25197
168.000000 23628
169.000000 21873
170.000000 20019
171.000000 18026
172.000000 15900
173.000000 13918
174.000000 11819
175.000000 9942
176.000000 7989
177.000000 6013
178.000000 4449
179.000000 97995
180.000000 272590
