Number of points = 2543651
Number of subfaces = 3067002
Number of segments = 1576459
Number of tetrahedra = 11325448
Number of bad tetrahedra = 1347425
Total time = 1488705.000000
CPU time = 1488705.000000
  Splitting segments time = 9012.000000
  Splitting subfaces time = 864.000000
  Splitting bad tets time = 1459779.000000
GPU time = 0.000000
  Reconstruction time = 0.000000
  Initialization time = 0.000000
  Splitting segments time = 0.000000
  Splitting subfaces time = 0.000000
  Splitting bad tets time = 0.000000
  Output final mesh  time = 0.000000
0.000000 729668
1.000000 22616
2.000000 34731
3.000000 47138
4.000000 59654
5.000000 71996
6.000000 82919
7.000000 92858
8.000000 101708
9.000000 110753
10.000000 119633
11.000000 128846
12.000000 135580
13.000000 145103
14.000000 154127
15.000000 162624
16.000000 173299
17.000000 183835
18.000000 194906
19.000000 206336
20.000000 218424
21.000000 232195
22.000000 248015
23.000000 267019
24.000000 287432
25.000000 310704
26.000000 338389
27.000000 367021
28.000000 395775
29.000000 429056
30.000000 449624
31.000000 474368
32.000000 501488
33.000000 528948
34.000000 558922
35.000000 585199
36.000000 615111
37.000000 643918
38.000000 666943
39.000000 690761
40.000000 710755
41.000000 731775
42.000000 739534
43.000000 749809
44.000000 763931
45.000000 779175
46.000000 794392
47.000000 812284
48.000000 829177
49.000000 848857
50.000000 860087
51.000000 873405
52.000000 884087
53.000000 892514
54.000000 897910
55.000000 905670
56.000000 908206
57.000000 910019
58.000000 909849
59.000000 909070
60.000000 906730
61.000000 904055
62.000000 900961
63.000000 894497
64.000000 889465
65.000000 885536
66.000000 879659
67.000000 878289
68.000000 885728
69.000000 914159
70.000000 906030
71.000000 883448
72.000000 856554
73.000000 830437
74.000000 806166
75.000000 789465
76.000000 776183
77.000000 764854
78.000000 738724
79.000000 713241
80.000000 689810
81.000000 665666
82.000000 649800
83.000000 634217
84.000000 621613
85.000000 611814
86.000000 602746
87.000000 590570
88.000000 574389
89.000000 574180
90.000000 565379
91.000000 535224
92.000000 524729
93.000000 511456
94.000000 494582
95.000000 482543
96.000000 471042
97.000000 456040
98.000000 448625
99.000000 441635
100.000000 433251
101.000000 426081
102.000000 416730
103.000000 403415
104.000000 391575
105.000000 381671
106.000000 368203
107.000000 360065
108.000000 349784
109.000000 336037
110.000000 325096
111.000000 307769
112.000000 294266
113.000000 283169
114.000000 273431
115.000000 264251
116.000000 255770
117.000000 246546
118.000000 236992
119.000000 229646
120.000000 220641
121.000000 212134
122.000000 203806
123.000000 194194
124.000000 185227
125.000000 176661
126.000000 167677
127.000000 159268
128.000000 150611
129.000000 142434
130.000000 135279
131.000000 127486
132.000000 120308
133.000000 112735
134.000000 107064
135.000000 101477
136.000000 96409
137.000000 92101
138.000000 87571
139.000000 83734
140.000000 80272
141.000000 76763
142.000000 73787
143.000000 70619
144.000000 67487
145.000000 64822
146.000000 62210
147.000000 59479
148.000000 57388
149.000000 55076
150.000000 52999
151.000000 50473
152.000000 48774
153.000000 46997
154.000000 45185
155.000000 43011
156.000000 41459
157.000000 39993
158.000000 38491
159.000000 37479
160.000000 35821
161.000000 34104
162.000000 32906
163.000000 31478
164.000000 29860
165.000000 27917
166.000000 26515
167.000000 24110
168.000000 22498
169.000000 21173
170.000000 19240
171.000000 17197
172.000000 15140
173.000000 13085
174.000000 11245
175.000000 9475
176.000000 7612
177.000000 5767
178.000000 4397
179.000000 95488
180.000000 265942
