Number of points = 3332306
Number of subfaces = 3715526
Number of segments = 1833794
Number of tetrahedra = 15253387
Number of bad tetrahedra = 1232430
Total time = 195471.000000
CPU time = 3885.000000
  Splitting segments time = 0.000000
  Splitting subfaces time = 0.000000
  Splitting bad tets time = 0.000000
GPU time = 191586.000000
  Reconstruction time = 1621.006470
  Initialization time = 429.668915
  Splitting segments time = 14973.307617
  Splitting subfaces time = 1408.027832
  Splitting bad tets time = 172939.250000
  Output final mesh  time = 171.281494
0.000000 581286
1.000000 37024
2.000000 49114
3.000000 60140
4.000000 69893
5.000000 82699
6.000000 94419
7.000000 103550
8.000000 114316
9.000000 125676
10.000000 136926
11.000000 149999
12.000000 159883
13.000000 172380
14.000000 185798
15.000000 198939
16.000000 213628
17.000000 228577
18.000000 244712
19.000000 262079
20.000000 280690
21.000000 300898
22.000000 321067
23.000000 345922
24.000000 372515
25.000000 404529
26.000000 440478
27.000000 478345
28.000000 516674
29.000000 560336
30.000000 592222
31.000000 624996
32.000000 661316
33.000000 701008
34.000000 742744
35.000000 784768
36.000000 828412
37.000000 870369
38.000000 907124
39.000000 944676
40.000000 980154
41.000000 1014426
42.000000 1028306
43.000000 1050730
44.000000 1076524
45.000000 1098764
46.000000 1122493
47.000000 1141837
48.000000 1164630
49.000000 1186134
50.000000 1202635
51.000000 1213782
52.000000 1229044
53.000000 1234685
54.000000 1240420
55.000000 1243553
56.000000 1243508
57.000000 1242280
58.000000 1238616
59.000000 1236720
60.000000 1229271
61.000000 1221707
62.000000 1213215
63.000000 1207270
64.000000 1200529
65.000000 1194246
66.000000 1196364
67.000000 1199631
68.000000 1211752
69.000000 1247465
70.000000 1238426
71.000000 1216639
72.000000 1184703
73.000000 1152474
74.000000 1126892
75.000000 1100976
76.000000 1080869
77.000000 1064112
78.000000 1025901
79.000000 987002
80.000000 957659
81.000000 929651
82.000000 902506
83.000000 884754
84.000000 865284
85.000000 844912
86.000000 825178
87.000000 804894
88.000000 789016
89.000000 809178
90.000000 796279
91.000000 727617
92.000000 704463
93.000000 686247
94.000000 668596
95.000000 650700
96.000000 633757
97.000000 618339
98.000000 602884
99.000000 590222
100.000000 577625
101.000000 565398
102.000000 553279
103.000000 538416
104.000000 519541
105.000000 506681
106.000000 490452
107.000000 476524
108.000000 462114
109.000000 446449
110.000000 428690
111.000000 405663
112.000000 388228
113.000000 374028
114.000000 356819
115.000000 344552
116.000000 333890
117.000000 321788
118.000000 309845
119.000000 299746
120.000000 288004
121.000000 276843
122.000000 264237
123.000000 252613
124.000000 242527
125.000000 230099
126.000000 219893
127.000000 209744
128.000000 198945
129.000000 189063
130.000000 179609
131.000000 170749
132.000000 163491
133.000000 153137
134.000000 145874
135.000000 138102
136.000000 132203
137.000000 126369
138.000000 120431
139.000000 114343
140.000000 110292
141.000000 105694
142.000000 101285
143.000000 97043
144.000000 93672
145.000000 89437
146.000000 85742
147.000000 82354
148.000000 78756
149.000000 75592
150.000000 72423
151.000000 70077
152.000000 66921
153.000000 64313
154.000000 61018
155.000000 58280
156.000000 55831
157.000000 53358
158.000000 50722
159.000000 48105
160.000000 46074
161.000000 43406
162.000000 40964
163.000000 38521
164.000000 35889
165.000000 33411
166.000000 30884
167.000000 28896
168.000000 26267
169.000000 24122
170.000000 22191
171.000000 20099
172.000000 17540
173.000000 15729
174.000000 13156
175.000000 10929
176.000000 8702
177.000000 6334
178.000000 4057
179.000000 72262
180.000000 213022
