Number of points = 3302930
Number of subfaces = 3671348
Number of segments = 1818712
Number of tetrahedra = 15147306
Number of bad tetrahedra = 1269293
Total time = 91862.000000
CPU time = 14750.000000
  Splitting segments time = 8168.000000
  Splitting subfaces time = 1298.000000
  Splitting bad tets time = 0.000000
GPU time = 77112.000000
  Reconstruction time = 6292.958984
  Initialization time = 675.422119
  Splitting segments time = 69902.070313
  Splitting subfaces time = 0.000000
  Splitting bad tets time = 0.000000
  Output final mesh  time = 173.385330
0.000000 572148
1.000000 36477
2.000000 48966
3.000000 60175
4.000000 70699
5.000000 83264
6.000000 94757
7.000000 105656
8.000000 116129
9.000000 126515
10.000000 138478
11.000000 149858
12.000000 159283
13.000000 170741
14.000000 183363
15.000000 196480
16.000000 209942
17.000000 224630
18.000000 239502
19.000000 257169
20.000000 276054
21.000000 294604
22.000000 318104
23.000000 343245
24.000000 372217
25.000000 403802
26.000000 441100
27.000000 482372
28.000000 524329
29.000000 582975
30.000000 605229
31.000000 636762
32.000000 672933
33.000000 709920
34.000000 749242
35.000000 788164
36.000000 828796
37.000000 867247
38.000000 902661
39.000000 937418
40.000000 967308
41.000000 996933
42.000000 1005836
43.000000 1025456
44.000000 1040274
45.000000 1061883
46.000000 1078843
47.000000 1100865
48.000000 1120653
49.000000 1142054
50.000000 1161970
51.000000 1179192
52.000000 1196247
53.000000 1210025
54.000000 1221927
55.000000 1230863
56.000000 1236253
57.000000 1246011
58.000000 1248155
59.000000 1249562
60.000000 1247484
61.000000 1247603
62.000000 1244707
63.000000 1239959
64.000000 1231736
65.000000 1227275
66.000000 1224022
67.000000 1223754
68.000000 1231703
69.000000 1259382
70.000000 1247260
71.000000 1215316
72.000000 1180841
73.000000 1148552
74.000000 1116184
75.000000 1086051
76.000000 1065984
77.000000 1056602
78.000000 1017475
79.000000 979585
80.000000 945060
81.000000 913214
82.000000 884367
83.000000 858896
84.000000 838219
85.000000 818361
86.000000 797626
87.000000 779605
88.000000 761612
89.000000 802823
90.000000 793874
91.000000 707061
92.000000 685594
93.000000 666175
94.000000 648657
95.000000 635431
96.000000 618540
97.000000 604960
98.000000 592571
99.000000 581249
100.000000 569675
101.000000 558383
102.000000 544064
103.000000 525796
104.000000 510363
105.000000 497268
106.000000 484639
107.000000 471146
108.000000 455351
109.000000 442833
110.000000 425700
111.000000 408853
112.000000 392259
113.000000 376789
114.000000 363193
115.000000 350123
116.000000 339924
117.000000 327174
118.000000 316232
119.000000 304593
120.000000 293714
121.000000 281038
122.000000 268922
123.000000 256995
124.000000 244876
125.000000 234284
126.000000 223041
127.000000 210816
128.000000 201492
129.000000 190723
130.000000 179679
131.000000 170481
132.000000 162078
133.000000 152912
134.000000 144734
135.000000 137668
136.000000 131147
137.000000 124699
138.000000 120081
139.000000 114387
140.000000 109534
141.000000 105427
142.000000 100342
143.000000 96146
144.000000 92296
145.000000 88137
146.000000 84988
147.000000 81091
148.000000 77776
149.000000 74404
150.000000 71131
151.000000 68452
152.000000 64655
153.000000 62706
154.000000 59289
155.000000 57181
156.000000 54570
157.000000 51877
158.000000 49615
159.000000 47956
160.000000 45771
161.000000 43212
162.000000 40889
163.000000 38716
164.000000 36219
165.000000 34393
166.000000 31701
167.000000 29349
168.000000 26459
169.000000 24787
170.000000 22323
171.000000 20026
172.000000 17643
173.000000 15364
174.000000 13252
175.000000 11161
176.000000 8691
177.000000 6373
178.000000 3882
179.000000 71448
180.000000 209393
