Number of points = 3288052
Number of subfaces = 3634990
Number of segments = 1805357
Number of tetrahedra = 15114281
Number of bad tetrahedra = 1232622
Total time = 2355926.000000
CPU time = 2355926.000000
  Splitting segments time = 7859.000000
  Splitting subfaces time = 1277.000000
  Splitting bad tets time = 2325405.000000
GPU time = 0.000000
  Reconstruction time = 0.000000
  Initialization time = 0.000000
  Splitting segments time = 0.000000
  Splitting subfaces time = 0.000000
  Splitting bad tets time = 0.000000
  Output final mesh  time = 0.000000
0.000000 567462
1.000000 36179
2.000000 49039
3.000000 59543
4.000000 70687
5.000000 82634
6.000000 93795
7.000000 104663
8.000000 115571
9.000000 125468
10.000000 137087
11.000000 148317
12.000000 159536
13.000000 171039
14.000000 183985
15.000000 195837
16.000000 210674
17.000000 225732
18.000000 242299
19.000000 257879
20.000000 276061
21.000000 294719
22.000000 318135
23.000000 342204
24.000000 372812
25.000000 404248
26.000000 440758
27.000000 481627
28.000000 522543
29.000000 574955
30.000000 598863
31.000000 632756
32.000000 671921
33.000000 707494
34.000000 747714
35.000000 788950
36.000000 827418
37.000000 865751
38.000000 902439
39.000000 940192
40.000000 969747
41.000000 1001253
42.000000 1011380
43.000000 1031489
44.000000 1051612
45.000000 1067060
46.000000 1086287
47.000000 1104911
48.000000 1125015
49.000000 1142742
50.000000 1162641
51.000000 1178001
52.000000 1193192
53.000000 1202691
54.000000 1214249
55.000000 1220489
56.000000 1227399
57.000000 1234047
58.000000 1235809
59.000000 1236205
60.000000 1235559
61.000000 1229542
62.000000 1226243
63.000000 1224206
64.000000 1214769
65.000000 1209458
66.000000 1209177
67.000000 1208193
68.000000 1221678
69.000000 1251769
70.000000 1240467
71.000000 1211617
72.000000 1178632
73.000000 1144122
74.000000 1113522
75.000000 1090053
76.000000 1069772
77.000000 1061118
78.000000 1021882
79.000000 982277
80.000000 949123
81.000000 917738
82.000000 892013
83.000000 867033
84.000000 846113
85.000000 825674
86.000000 806069
87.000000 789475
88.000000 770394
89.000000 793180
90.000000 780354
91.000000 711023
92.000000 688918
93.000000 669645
94.000000 652589
95.000000 637851
96.000000 622177
97.000000 607899
98.000000 593039
99.000000 579726
100.000000 568496
101.000000 557056
102.000000 544271
103.000000 526704
104.000000 510742
105.000000 497161
106.000000 483932
107.000000 471334
108.000000 456590
109.000000 443576
110.000000 426010
111.000000 406437
112.000000 389783
113.000000 373220
114.000000 360208
115.000000 347964
116.000000 336264
117.000000 324043
118.000000 312195
119.000000 300498
120.000000 289735
121.000000 277890
122.000000 266277
123.000000 253741
124.000000 242787
125.000000 231691
126.000000 220151
127.000000 208595
128.000000 199509
129.000000 189431
130.000000 179361
131.000000 170289
132.000000 162015
133.000000 152442
134.000000 144446
135.000000 136919
136.000000 131047
137.000000 124716
138.000000 119513
139.000000 114513
140.000000 109413
141.000000 105139
142.000000 100611
143.000000 96200
144.000000 91955
145.000000 88414
146.000000 85003
147.000000 81021
148.000000 77969
149.000000 74448
150.000000 71738
151.000000 68620
152.000000 65807
153.000000 62602
154.000000 60258
155.000000 56967
156.000000 54889
157.000000 51996
158.000000 49767
159.000000 47920
160.000000 45513
161.000000 42960
162.000000 40574
163.000000 38440
164.000000 35743
165.000000 33634
166.000000 31239
167.000000 29083
168.000000 26598
169.000000 24001
170.000000 21788
171.000000 20115
172.000000 17781
173.000000 15450
174.000000 13042
175.000000 10812
176.000000 8561
177.000000 6222
178.000000 3890
179.000000 70397
180.000000 208260
