Number of points = 1778894
Number of subfaces = 2053206
Number of segments = 1131819
Number of tetrahedra = 8035441
Number of bad tetrahedra = 832591
Total time = 168030.000000
CPU time = 4058.000000
  Splitting segments time = 0.000000
  Splitting subfaces time = 0.000000
  Splitting bad tets time = 0.000000
GPU time = 163972.000000
  Reconstruction time = 1823.085815
  Initialization time = 436.778412
  Splitting segments time = 9956.369141
  Splitting subfaces time = 1625.393066
  Splitting bad tets time = 149970.828125
  Output final mesh  time = 92.807907
0.000000 368033
1.000000 16418
2.000000 22555
3.000000 29264
4.000000 36175
5.000000 42633
6.000000 49155
7.000000 55527
8.000000 62197
9.000000 69406
10.000000 76012
11.000000 82803
12.000000 89900
13.000000 97751
14.000000 104878
15.000000 112748
16.000000 121376
17.000000 130080
18.000000 137652
19.000000 146664
20.000000 155547
21.000000 165017
22.000000 175813
23.000000 188011
24.000000 202014
25.000000 216718
26.000000 235529
27.000000 254965
28.000000 273487
29.000000 294251
30.000000 310742
31.000000 329359
32.000000 348404
33.000000 370085
34.000000 390038
35.000000 412875
36.000000 434910
37.000000 455972
38.000000 474148
39.000000 493639
40.000000 510196
41.000000 527090
42.000000 533673
43.000000 546580
44.000000 558207
45.000000 573352
46.000000 585454
47.000000 598130
48.000000 614067
49.000000 627355
50.000000 639038
51.000000 645053
52.000000 651731
53.000000 655263
54.000000 656645
55.000000 658492
56.000000 657106
57.000000 654276
58.000000 652289
59.000000 646912
60.000000 643880
61.000000 638043
62.000000 631574
63.000000 626827
64.000000 622568
65.000000 617855
66.000000 615012
67.000000 618294
68.000000 625747
69.000000 646558
70.000000 646346
71.000000 635080
72.000000 618515
73.000000 603845
74.000000 587967
75.000000 573587
76.000000 562761
77.000000 552965
78.000000 530768
79.000000 512910
80.000000 496119
81.000000 479261
82.000000 467653
83.000000 457489
84.000000 447088
85.000000 436427
86.000000 425188
87.000000 416768
88.000000 407268
89.000000 410271
90.000000 401790
91.000000 377082
92.000000 366018
93.000000 357230
94.000000 348199
95.000000 339623
96.000000 332794
97.000000 325061
98.000000 318103
99.000000 312807
100.000000 306526
101.000000 303128
102.000000 297142
103.000000 288992
104.000000 281671
105.000000 274846
106.000000 268293
107.000000 259940
108.000000 251805
109.000000 242865
110.000000 230749
111.000000 217772
112.000000 207012
113.000000 198611
114.000000 191374
115.000000 183897
116.000000 176445
117.000000 171017
118.000000 165288
119.000000 159083
120.000000 153729
121.000000 147996
122.000000 143227
123.000000 136820
124.000000 131538
125.000000 125787
126.000000 119929
127.000000 113343
128.000000 109147
129.000000 102685
130.000000 97215
131.000000 92043
132.000000 86195
133.000000 81069
134.000000 76081
135.000000 72025
136.000000 68414
137.000000 65803
138.000000 62530
139.000000 59532
140.000000 57096
141.000000 54833
142.000000 52407
143.000000 50365
144.000000 48345
145.000000 46606
146.000000 44714
147.000000 43309
148.000000 41291
149.000000 39554
150.000000 38249
151.000000 36576
152.000000 34780
153.000000 33537
154.000000 32592
155.000000 31071
156.000000 29431
157.000000 27907
158.000000 27080
159.000000 25805
160.000000 24637
161.000000 23119
162.000000 22008
163.000000 20335
164.000000 19406
165.000000 18312
166.000000 16989
167.000000 15778
168.000000 14753
169.000000 13430
170.000000 12364
171.000000 11260
172.000000 9980
173.000000 8816
174.000000 7473
175.000000 6364
176.000000 5238
177.000000 4062
178.000000 3353
179.000000 51366
180.000000 129490
