Number of points = 1851223
Number of subfaces = 2096556
Number of segments = 1141063
Number of tetrahedra = 8444239
Number of bad tetrahedra = 832389
Total time = 85917.000000
CPU time = 10779.000000
  Splitting segments time = 5380.000000
  Splitting subfaces time = 462.000000
  Splitting bad tets time = 0.000000
GPU time = 75138.000000
  Reconstruction time = 4808.608398
  Initialization time = 463.150085
  Splitting segments time = 69737.937500
  Splitting subfaces time = 0.000000
  Splitting bad tets time = 0.000000
  Output final mesh  time = 98.712242
0.000000 373950
1.000000 17353
2.000000 23170
3.000000 30182
4.000000 37828
5.000000 44574
6.000000 51838
7.000000 59035
8.000000 66394
9.000000 73645
10.000000 80617
11.000000 88159
12.000000 94347
13.000000 101598
14.000000 108957
15.000000 116765
16.000000 125083
17.000000 132779
18.000000 142046
19.000000 150912
20.000000 160145
21.000000 170256
22.000000 182782
23.000000 196003
24.000000 211418
25.000000 229175
26.000000 248971
27.000000 271951
28.000000 293569
29.000000 320004
30.000000 334787
31.000000 355481
32.000000 374943
33.000000 397049
34.000000 418950
35.000000 441410
36.000000 462214
37.000000 482125
38.000000 501875
39.000000 518999
40.000000 534015
41.000000 548606
42.000000 554439
43.000000 563536
44.000000 571771
45.000000 584163
46.000000 596364
47.000000 608877
48.000000 621954
49.000000 637598
50.000000 648821
51.000000 659959
52.000000 669674
53.000000 678118
54.000000 684497
55.000000 690674
56.000000 695628
57.000000 699291
58.000000 700904
59.000000 701253
60.000000 700850
61.000000 701804
62.000000 697483
63.000000 695187
64.000000 689808
65.000000 683613
66.000000 677825
67.000000 675101
68.000000 678285
69.000000 693323
70.000000 685651
71.000000 668135
72.000000 646080
73.000000 626766
74.000000 608008
75.000000 592737
76.000000 584773
77.000000 579227
78.000000 558766
79.000000 536595
80.000000 516698
81.000000 500186
82.000000 484075
83.000000 470849
84.000000 458617
85.000000 450181
86.000000 440009
87.000000 427935
88.000000 417046
89.000000 427254
90.000000 418180
91.000000 386842
92.000000 376914
93.000000 367867
94.000000 360254
95.000000 351410
96.000000 342489
97.000000 333007
98.000000 326711
99.000000 321948
100.000000 316506
101.000000 311838
102.000000 304625
103.000000 295293
104.000000 288799
105.000000 280573
106.000000 273473
107.000000 266423
108.000000 259306
109.000000 251870
110.000000 243136
111.000000 230767
112.000000 222911
113.000000 215323
114.000000 207226
115.000000 200867
116.000000 193445
117.000000 186890
118.000000 180535
119.000000 173511
120.000000 167671
121.000000 160672
122.000000 153584
123.000000 146836
124.000000 140416
125.000000 133408
126.000000 127965
127.000000 120330
128.000000 114516
129.000000 108368
130.000000 101832
131.000000 96270
132.000000 89737
133.000000 84949
134.000000 79908
135.000000 75731
136.000000 71689
137.000000 68963
138.000000 65829
139.000000 62931
140.000000 60284
141.000000 57784
142.000000 55365
143.000000 53355
144.000000 50872
145.000000 48768
146.000000 46622
147.000000 45014
148.000000 42832
149.000000 41276
150.000000 39774
151.000000 38080
152.000000 36466
153.000000 34642
154.000000 33211
155.000000 31966
156.000000 30596
157.000000 29281
158.000000 28256
159.000000 27280
160.000000 26264
161.000000 24779
162.000000 23333
163.000000 22118
164.000000 20717
165.000000 19346
166.000000 18141
167.000000 17082
168.000000 15823
169.000000 14367
170.000000 12995
171.000000 11912
172.000000 10841
173.000000 9349
174.000000 8077
175.000000 6547
176.000000 5383
177.000000 4436
178.000000 3600
179.000000 52235
180.000000 131473
