Number of points = 1827836
Number of subfaces = 2068340
Number of segments = 1130851
Number of tetrahedra = 8343454
Number of bad tetrahedra = 832781
Total time = 727048.000000
CPU time = 727048.000000
  Splitting segments time = 5485.000000
  Splitting subfaces time = 497.000000
  Splitting bad tets time = 707517.000000
GPU time = 0.000000
  Reconstruction time = 0.000000
  Initialization time = 0.000000
  Splitting segments time = 0.000000
  Splitting subfaces time = 0.000000
  Splitting bad tets time = 0.000000
  Output final mesh  time = 0.000000
0.000000 389740
1.000000 16857
2.000000 23072
3.000000 30013
4.000000 37188
5.000000 44362
6.000000 50630
7.000000 58112
8.000000 64657
9.000000 71978
10.000000 79825
11.000000 86890
12.000000 93694
13.000000 101280
14.000000 108941
15.000000 117239
16.000000 124489
17.000000 132598
18.000000 140780
19.000000 150699
20.000000 159738
21.000000 169147
22.000000 181156
23.000000 194098
24.000000 209266
25.000000 227210
26.000000 246028
27.000000 267545
28.000000 289605
29.000000 314467
30.000000 329850
31.000000 350359
32.000000 370420
33.000000 391432
34.000000 412988
35.000000 434933
36.000000 456523
37.000000 477484
38.000000 495758
39.000000 513559
40.000000 530078
41.000000 546070
42.000000 551429
43.000000 561254
44.000000 570592
45.000000 582968
46.000000 593223
47.000000 605536
48.000000 618370
49.000000 630771
50.000000 643104
51.000000 652640
52.000000 660388
53.000000 668355
54.000000 673098
55.000000 677152
56.000000 681546
57.000000 681488
58.000000 683942
59.000000 685084
60.000000 682076
61.000000 681395
62.000000 678005
63.000000 672529
64.000000 668591
65.000000 664672
66.000000 659121
67.000000 660275
68.000000 663748
69.000000 682204
70.000000 674320
71.000000 659505
72.000000 640717
73.000000 620388
74.000000 604411
75.000000 591073
76.000000 581791
77.000000 575659
78.000000 555067
79.000000 533620
80.000000 514014
81.000000 497495
82.000000 481628
83.000000 470532
84.000000 457725
85.000000 448052
86.000000 437724
87.000000 427868
88.000000 416808
89.000000 420548
90.000000 410733
91.000000 384083
92.000000 375914
93.000000 366103
94.000000 357829
95.000000 350698
96.000000 341331
97.000000 333834
98.000000 325949
99.000000 320768
100.000000 315053
101.000000 309093
102.000000 301759
103.000000 294700
104.000000 287298
105.000000 278770
106.000000 273352
107.000000 264673
108.000000 258174
109.000000 249055
110.000000 239667
111.000000 227276
112.000000 218852
113.000000 209649
114.000000 202492
115.000000 195373
116.000000 188394
117.000000 183099
118.000000 175807
119.000000 169211
120.000000 162540
121.000000 156848
122.000000 150415
123.000000 144628
124.000000 137693
125.000000 130791
126.000000 124420
127.000000 117444
128.000000 112487
129.000000 106105
130.000000 99575
131.000000 94335
132.000000 88908
133.000000 83959
134.000000 79356
135.000000 75610
136.000000 71597
137.000000 68447
138.000000 65223
139.000000 62829
140.000000 59597
141.000000 57320
142.000000 55008
143.000000 52611
144.000000 50460
145.000000 48131
146.000000 46196
147.000000 43867
148.000000 42685
149.000000 40273
150.000000 39085
151.000000 37846
152.000000 36222
153.000000 34700
154.000000 33087
155.000000 31940
156.000000 30456
157.000000 29258
158.000000 28189
159.000000 27116
160.000000 25796
161.000000 24224
162.000000 23069
163.000000 21736
164.000000 20312
165.000000 18931
166.000000 17776
167.000000 16483
168.000000 15314
169.000000 14178
170.000000 12809
171.000000 11598
172.000000 10600
173.000000 9230
174.000000 7901
175.000000 6515
176.000000 5319
177.000000 4272
178.000000 3474
179.000000 54849
180.000000 136833
