Number of points = 2985829
Number of subfaces = 3249750
Number of segments = 1523673
Number of tetrahedra = 13846313
Number of bad tetrahedra = 1035438
Total time = 170196.000000
CPU time = 17273.000000
  Splitting segments time = 6236.000000
  Splitting subfaces time = 2142.000000
  Splitting bad tets time = 0.000000
GPU time = 152923.000000
  Reconstruction time = 6597.354980
  Initialization time = 585.383423
  Splitting segments time = 145550.765625
  Splitting subfaces time = 0.000000
  Splitting bad tets time = 0.000000
  Output final mesh  time = 151.049484
0.000000 567067
1.000000 24869
2.000000 38026
3.000000 50684
4.000000 61501
5.000000 72873
6.000000 84709
7.000000 96245
8.000000 107047
9.000000 117955
10.000000 128150
11.000000 138637
12.000000 145935
13.000000 156006
14.000000 168256
15.000000 178832
16.000000 191012
17.000000 204359
18.000000 217648
19.000000 232883
20.000000 248065
21.000000 264461
22.000000 285965
23.000000 308828
24.000000 336050
25.000000 367361
26.000000 403593
27.000000 443561
28.000000 481912
29.000000 530873
30.000000 550692
31.000000 581427
32.000000 615359
33.000000 649979
34.000000 686697
35.000000 722778
36.000000 760831
37.000000 796497
38.000000 827194
39.000000 858859
40.000000 884075
41.000000 909747
42.000000 920356
43.000000 934366
44.000000 950293
45.000000 970476
46.000000 989863
47.000000 1012466
48.000000 1033483
49.000000 1057149
50.000000 1078595
51.000000 1093910
52.000000 1106704
53.000000 1120632
54.000000 1130354
55.000000 1138401
56.000000 1147492
57.000000 1153851
58.000000 1157365
59.000000 1157591
60.000000 1154106
61.000000 1149905
62.000000 1145994
63.000000 1138244
64.000000 1136655
65.000000 1126908
66.000000 1120349
67.000000 1114230
68.000000 1122233
69.000000 1156017
70.000000 1138384
71.000000 1100273
72.000000 1063108
73.000000 1028270
74.000000 996347
75.000000 970368
76.000000 955408
77.000000 947430
78.000000 915086
79.000000 882751
80.000000 850568
81.000000 822977
82.000000 797482
83.000000 773442
84.000000 753931
85.000000 740402
86.000000 729050
87.000000 713454
88.000000 698151
89.000000 712661
90.000000 704532
91.000000 647674
92.000000 631207
93.000000 612953
94.000000 592770
95.000000 575674
96.000000 560938
97.000000 548394
98.000000 538386
99.000000 528948
100.000000 520601
101.000000 513087
102.000000 500247
103.000000 481050
104.000000 465992
105.000000 452885
106.000000 441996
107.000000 430296
108.000000 416698
109.000000 405301
110.000000 389922
111.000000 371027
112.000000 357677
113.000000 344269
114.000000 333164
115.000000 320661
116.000000 310738
117.000000 300110
118.000000 291224
119.000000 280792
120.000000 271338
121.000000 260325
122.000000 248916
123.000000 239032
124.000000 228306
125.000000 218401
126.000000 207540
127.000000 195954
128.000000 185976
129.000000 176505
130.000000 165659
131.000000 156885
132.000000 146657
133.000000 138442
134.000000 131403
135.000000 123705
136.000000 117475
137.000000 112701
138.000000 106434
139.000000 102809
140.000000 97993
141.000000 93733
142.000000 89945
143.000000 85693
144.000000 81794
145.000000 78199
146.000000 75041
147.000000 71875
148.000000 69272
149.000000 66206
150.000000 63445
151.000000 60876
152.000000 58696
153.000000 56151
154.000000 53992
155.000000 51991
156.000000 49029
157.000000 47241
158.000000 45657
159.000000 43973
160.000000 42467
161.000000 40688
162.000000 37902
163.000000 35744
164.000000 33179
165.000000 31315
166.000000 29803
167.000000 27386
168.000000 24716
169.000000 23169
170.000000 21634
171.000000 19663
172.000000 17871
173.000000 15566
174.000000 13420
175.000000 11525
176.000000 9521
177.000000 7273
178.000000 5148
179.000000 83358
180.000000 197023
