Number of points = 2931020
Number of subfaces = 3191220
Number of segments = 1504695
Number of tetrahedra = 13597114
Number of bad tetrahedra = 1035772
Total time = 1770085.000000
CPU time = 1770085.000000
  Splitting segments time = 6343.000000
  Splitting subfaces time = 2159.000000
  Splitting bad tets time = 1738434.000000
GPU time = 0.000000
  Reconstruction time = 0.000000
  Initialization time = 0.000000
  Splitting segments time = 0.000000
  Splitting subfaces time = 0.000000
  Splitting bad tets time = 0.000000
  Output final mesh  time = 0.000000
0.000000 575413
1.000000 23454
2.000000 35999
3.000000 48788
4.000000 60008
5.000000 72082
6.000000 83646
7.000000 94599
8.000000 106231
9.000000 117100
10.000000 125883
11.000000 136601
12.000000 146204
13.000000 155491
14.000000 167348
15.000000 179035
16.000000 190443
17.000000 203603
18.000000 217170
19.000000 232137
20.000000 246317
21.000000 263972
22.000000 282887
23.000000 305982
24.000000 333677
25.000000 362611
26.000000 397775
27.000000 435442
28.000000 471185
29.000000 515360
30.000000 536152
31.000000 568269
32.000000 603796
33.000000 639282
34.000000 676132
35.000000 712660
36.000000 750678
37.000000 785813
38.000000 818052
39.000000 847926
40.000000 875591
41.000000 900786
42.000000 910596
43.000000 928221
44.000000 944576
45.000000 966002
46.000000 984472
47.000000 1004990
48.000000 1023516
49.000000 1046221
50.000000 1062345
51.000000 1077139
52.000000 1089427
53.000000 1099147
54.000000 1102599
55.000000 1109409
56.000000 1111162
57.000000 1119769
58.000000 1117633
59.000000 1116041
60.000000 1112997
61.000000 1106358
62.000000 1102797
63.000000 1094082
64.000000 1089033
65.000000 1081433
66.000000 1076833
67.000000 1074660
68.000000 1086330
69.000000 1123497
70.000000 1108798
71.000000 1076988
72.000000 1038708
73.000000 1006069
74.000000 980620
75.000000 958367
76.000000 942483
77.000000 935491
78.000000 900973
79.000000 868097
80.000000 840162
81.000000 812537
82.000000 789003
83.000000 770165
84.000000 750023
85.000000 737530
86.000000 724862
87.000000 706537
88.000000 692635
89.000000 701228
90.000000 688474
91.000000 640394
92.000000 622280
93.000000 605904
94.000000 586971
95.000000 573101
96.000000 558200
97.000000 544105
98.000000 534314
99.000000 523521
100.000000 513212
101.000000 504277
102.000000 492824
103.000000 475676
104.000000 462472
105.000000 449463
106.000000 436945
107.000000 424885
108.000000 412613
109.000000 399537
110.000000 384198
111.000000 364607
112.000000 349589
113.000000 335581
114.000000 323320
115.000000 312474
116.000000 301118
117.000000 290752
118.000000 282338
119.000000 272187
120.000000 261626
121.000000 251929
122.000000 242153
123.000000 232679
124.000000 222636
125.000000 211934
126.000000 201856
127.000000 192409
128.000000 182437
129.000000 172625
130.000000 164316
131.000000 155213
132.000000 145763
133.000000 137826
134.000000 129338
135.000000 122412
136.000000 116809
137.000000 110525
138.000000 105785
139.000000 101237
140.000000 96963
141.000000 92332
142.000000 88428
143.000000 84451
144.000000 81077
145.000000 77707
146.000000 74343
147.000000 70985
148.000000 68520
149.000000 66383
150.000000 63247
151.000000 60760
152.000000 57961
153.000000 55703
154.000000 53350
155.000000 51154
156.000000 48769
157.000000 47172
158.000000 45209
159.000000 43531
160.000000 41758
161.000000 39670
162.000000 37456
163.000000 35722
164.000000 33032
165.000000 31105
166.000000 28981
167.000000 27251
168.000000 24819
169.000000 22902
170.000000 21067
171.000000 19046
172.000000 17220
173.000000 14742
174.000000 13059
175.000000 10569
176.000000 8860
177.000000 6877
178.000000 4824
179.000000 84216
180.000000 200482
