Number of points = 2949343
Number of subfaces = 3254762
Number of segments = 1525895
Number of tetrahedra = 13574964
Number of bad tetrahedra = 1035742
Total time = 418217.000000
CPU time = 7937.000000
  Splitting segments time = 0.000000
  Splitting subfaces time = 0.000000
  Splitting bad tets time = 0.000000
GPU time = 410280.000000
  Reconstruction time = 3013.975830
  Initialization time = 417.805603
  Splitting segments time = 12586.159180
  Splitting subfaces time = 3598.996826
  Splitting bad tets time = 390474.500000
  Output final mesh  time = 147.539368
0.000000 556741
1.000000 22998
2.000000 35881
3.000000 49241
4.000000 59788
5.000000 71509
6.000000 82872
7.000000 93243
8.000000 103533
9.000000 113249
10.000000 123450
11.000000 132976
12.000000 143380
13.000000 153528
14.000000 165773
15.000000 177469
16.000000 189764
17.000000 202895
18.000000 217027
19.000000 232326
20.000000 248213
21.000000 263519
22.000000 282461
23.000000 304880
24.000000 330277
25.000000 360120
26.000000 392308
27.000000 428295
28.000000 459409
29.000000 496461
30.000000 520182
31.000000 554579
32.000000 589368
33.000000 623775
34.000000 664189
35.000000 700882
36.000000 740543
37.000000 776652
38.000000 813887
39.000000 844234
40.000000 875718
41.000000 904036
42.000000 916785
43.000000 938035
44.000000 958914
45.000000 983756
46.000000 1005468
47.000000 1030185
48.000000 1058077
49.000000 1081574
50.000000 1097859
51.000000 1109926
52.000000 1114450
53.000000 1119786
54.000000 1120855
55.000000 1120230
56.000000 1116048
57.000000 1113199
58.000000 1107262
59.000000 1102040
60.000000 1088772
61.000000 1081598
62.000000 1071566
63.000000 1062121
64.000000 1052991
65.000000 1043674
66.000000 1039636
67.000000 1043901
68.000000 1059211
69.000000 1105213
70.000000 1100279
71.000000 1073526
72.000000 1041022
73.000000 1012435
74.000000 985411
75.000000 963488
76.000000 949295
77.000000 932224
78.000000 898384
79.000000 867225
80.000000 841330
81.000000 815073
82.000000 794846
83.000000 779361
84.000000 764397
85.000000 748472
86.000000 734584
87.000000 717026
88.000000 703195
89.000000 706113
90.000000 693240
91.000000 648959
92.000000 629653
93.000000 613573
94.000000 595329
95.000000 579658
96.000000 565509
97.000000 550140
98.000000 539102
99.000000 528892
100.000000 518819
101.000000 509361
102.000000 499796
103.000000 482750
104.000000 468006
105.000000 455117
106.000000 439881
107.000000 428112
108.000000 414717
109.000000 399396
110.000000 382933
111.000000 359324
112.000000 342211
113.000000 328063
114.000000 314895
115.000000 304389
116.000000 293557
117.000000 282897
118.000000 273253
119.000000 265038
120.000000 257036
121.000000 247901
122.000000 239765
123.000000 229758
124.000000 221743
125.000000 210762
126.000000 201281
127.000000 191889
128.000000 182937
129.000000 172878
130.000000 164861
131.000000 154791
132.000000 145915
133.000000 137778
134.000000 129305
135.000000 122285
136.000000 115373
137.000000 109928
138.000000 105220
139.000000 99966
140.000000 95839
141.000000 91276
142.000000 87731
143.000000 84549
144.000000 81062
145.000000 77023
146.000000 73974
147.000000 71260
148.000000 68499
149.000000 65989
150.000000 63315
151.000000 60892
152.000000 58553
153.000000 55854
154.000000 53416
155.000000 51558
156.000000 49411
157.000000 47082
158.000000 44746
159.000000 43384
160.000000 40666
161.000000 38685
162.000000 36275
163.000000 33877
164.000000 32319
165.000000 30011
166.000000 28392
167.000000 26202
168.000000 24264
169.000000 22733
170.000000 20893
171.000000 19003
172.000000 17363
173.000000 14709
174.000000 12670
175.000000 10695
176.000000 8693
177.000000 6496
178.000000 4618
179.000000 81780
180.000000 193636
