Number of points = 4439707
Number of subfaces = 5111674
Number of segments = 3085612
Number of tetrahedra = 20041573
Number of bad tetrahedra = 1959594
Total time = 122753.000000
CPU time = 32989.000000
  Splitting segments time = 15815.000000
  Splitting subfaces time = 1080.000000
  Splitting bad tets time = 0.000000
GPU time = 89764.000000
  Reconstruction time = 14267.773438
  Initialization time = 825.648926
  Splitting segments time = 74376.695313
  Splitting subfaces time = 0.000000
  Splitting bad tets time = 0.000000
  Output final mesh  time = 225.057648
0.000000 802855
1.000000 35449
2.000000 52900
3.000000 75326
4.000000 89962
5.000000 102840
6.000000 117353
7.000000 134520
8.000000 151183
9.000000 167307
10.000000 184918
11.000000 203017
12.000000 219626
13.000000 237522
14.000000 258298
15.000000 279589
16.000000 298909
17.000000 319513
18.000000 340022
19.000000 362033
20.000000 384857
21.000000 407123
22.000000 432660
23.000000 462399
24.000000 498975
25.000000 540142
26.000000 587774
27.000000 641225
28.000000 692062
29.000000 752011
30.000000 790905
31.000000 840662
32.000000 889254
33.000000 942835
34.000000 994710
35.000000 1049141
36.000000 1099173
37.000000 1147321
38.000000 1196300
39.000000 1238126
40.000000 1278232
41.000000 1313288
42.000000 1329566
43.000000 1348199
44.000000 1370543
45.000000 1393976
46.000000 1422141
47.000000 1451070
48.000000 1481850
49.000000 1516001
50.000000 1545844
51.000000 1573736
52.000000 1594849
53.000000 1618802
54.000000 1635222
55.000000 1651625
56.000000 1666010
57.000000 1675602
58.000000 1683159
59.000000 1684735
60.000000 1682863
61.000000 1678899
62.000000 1673187
63.000000 1659702
64.000000 1646713
65.000000 1629015
66.000000 1612376
67.000000 1599102
68.000000 1599839
69.000000 1628433
70.000000 1614653
71.000000 1571208
72.000000 1525687
73.000000 1478606
74.000000 1433071
75.000000 1396140
76.000000 1374230
77.000000 1368674
78.000000 1320634
79.000000 1273061
80.000000 1226742
81.000000 1184291
82.000000 1146830
83.000000 1116871
84.000000 1091491
85.000000 1069927
86.000000 1044367
87.000000 1011442
88.000000 978732
89.000000 981572
90.000000 957443
91.000000 912056
92.000000 892083
93.000000 878619
94.000000 856267
95.000000 834656
96.000000 815570
97.000000 789633
98.000000 773586
99.000000 762978
100.000000 750006
101.000000 738170
102.000000 723167
103.000000 701293
104.000000 683206
105.000000 667300
106.000000 651941
107.000000 637962
108.000000 619822
109.000000 599807
110.000000 576704
111.000000 552494
112.000000 532768
113.000000 515185
114.000000 499951
115.000000 484825
116.000000 467651
117.000000 454308
118.000000 436492
119.000000 420193
120.000000 403005
121.000000 386925
122.000000 369650
123.000000 353343
124.000000 337662
125.000000 319916
126.000000 305084
127.000000 287583
128.000000 270939
129.000000 255187
130.000000 241103
131.000000 227346
132.000000 212998
133.000000 200944
134.000000 189054
135.000000 178626
136.000000 171259
137.000000 162946
138.000000 155650
139.000000 148510
140.000000 141542
141.000000 135611
142.000000 130107
143.000000 125040
144.000000 119679
145.000000 114575
146.000000 109683
147.000000 104580
148.000000 100664
149.000000 96475
150.000000 92125
151.000000 88772
152.000000 84866
153.000000 81404
154.000000 78663
155.000000 75718
156.000000 72336
157.000000 69422
158.000000 66889
159.000000 64429
160.000000 61190
161.000000 57812
162.000000 54691
163.000000 51638
164.000000 48520
165.000000 45545
166.000000 43039
167.000000 40187
168.000000 37828
169.000000 35186
170.000000 32627
171.000000 30183
172.000000 29165
173.000000 25140
174.000000 21035
175.000000 17311
176.000000 13963
177.000000 10370
178.000000 6918
179.000000 114599
180.000000 282440
