Number of points = 4499606
Number of subfaces = 5203486
Number of segments = 3124356
Number of tetrahedra = 20266575
Number of bad tetrahedra = 1871412
Total time = 215880.000000
CPU time = 13337.000000
  Splitting segments time = 0.000000
  Splitting subfaces time = 0.000000
  Splitting bad tets time = 0.000000
GPU time = 202543.000000
  Reconstruction time = 5488.843750
  Initialization time = 605.118835
  Splitting segments time = 15819.151367
  Splitting subfaces time = 647.443726
  Splitting bad tets time = 179675.015625
  Output final mesh  time = 219.194031
0.000000 810078
1.000000 32069
2.000000 48332
3.000000 69728
4.000000 84479
5.000000 98448
6.000000 114944
7.000000 131978
8.000000 148553
9.000000 167140
10.000000 184611
11.000000 205337
12.000000 223608
13.000000 244131
14.000000 264407
15.000000 284830
16.000000 306607
17.000000 327237
18.000000 348972
19.000000 370877
20.000000 391252
21.000000 412621
22.000000 437325
23.000000 465002
24.000000 499735
25.000000 539338
26.000000 583493
27.000000 631927
28.000000 678077
29.000000 729937
30.000000 775662
31.000000 824222
32.000000 876473
33.000000 931363
34.000000 986703
35.000000 1042965
36.000000 1098162
37.000000 1155316
38.000000 1207205
39.000000 1255446
40.000000 1304055
41.000000 1346637
42.000000 1372122
43.000000 1404071
44.000000 1434636
45.000000 1468726
46.000000 1503099
47.000000 1533731
48.000000 1569686
49.000000 1606187
50.000000 1632051
51.000000 1651775
52.000000 1663374
53.000000 1674089
54.000000 1682129
55.000000 1677322
56.000000 1675360
57.000000 1672148
58.000000 1662858
59.000000 1650511
60.000000 1636443
61.000000 1625030
62.000000 1606664
63.000000 1588655
64.000000 1572907
65.000000 1558704
66.000000 1551154
67.000000 1549513
68.000000 1565881
69.000000 1622470
70.000000 1622217
71.000000 1593436
72.000000 1554232
73.000000 1508646
74.000000 1470370
75.000000 1435712
76.000000 1414574
77.000000 1394566
78.000000 1340660
79.000000 1288353
80.000000 1245549
81.000000 1206149
82.000000 1176370
83.000000 1149199
84.000000 1121783
85.000000 1093311
86.000000 1070755
87.000000 1041745
88.000000 1017546
89.000000 1012276
90.000000 980935
91.000000 942340
92.000000 918442
93.000000 897040
94.000000 878751
95.000000 861081
96.000000 842928
97.000000 820523
98.000000 800192
99.000000 786717
100.000000 773540
101.000000 763184
102.000000 752769
103.000000 732366
104.000000 713155
105.000000 696808
106.000000 678568
107.000000 662662
108.000000 642101
109.000000 615178
110.000000 584838
111.000000 550741
112.000000 527311
113.000000 506883
114.000000 486878
115.000000 470240
116.000000 453400
117.000000 438803
118.000000 422855
119.000000 408851
120.000000 394368
121.000000 378164
122.000000 363765
123.000000 349362
124.000000 333462
125.000000 318720
126.000000 303414
127.000000 288301
128.000000 272921
129.000000 258034
130.000000 243835
131.000000 229064
132.000000 214258
133.000000 201120
134.000000 189567
135.000000 178468
136.000000 170108
137.000000 162918
138.000000 155746
139.000000 148558
140.000000 142458
141.000000 136569
142.000000 130247
143.000000 124933
144.000000 119476
145.000000 114959
146.000000 109622
147.000000 105304
148.000000 101677
149.000000 97517
150.000000 93683
151.000000 90825
152.000000 86925
153.000000 83413
154.000000 80351
155.000000 77359
156.000000 74444
157.000000 70496
158.000000 67556
159.000000 65073
160.000000 62028
161.000000 59054
162.000000 55825
163.000000 52177
164.000000 48917
165.000000 45955
166.000000 42870
167.000000 39710
168.000000 36265
169.000000 34043
170.000000 31174
171.000000 29658
172.000000 27812
173.000000 23386
174.000000 19096
175.000000 16147
176.000000 12703
177.000000 9719
178.000000 6631
179.000000 116602
180.000000 284531
