Number of points = 4535334
Number of subfaces = 5175596
Number of segments = 3107990
Number of tetrahedra = 20593816
Number of bad tetrahedra = 1871616
Total time = 4281150.000000
CPU time = 4281150.000000
  Splitting segments time = 16296.000000
  Splitting subfaces time = 1110.000000
  Splitting bad tets time = 4224425.000000
GPU time = 0.000000
  Reconstruction time = 0.000000
  Initialization time = 0.000000
  Splitting segments time = 0.000000
  Splitting subfaces time = 0.000000
  Splitting bad tets time = 0.000000
  Output final mesh  time = 0.000000
0.000000 851305
1.000000 31606
2.000000 49033
3.000000 70590
4.000000 87063
5.000000 101428
6.000000 117447
7.000000 135483
8.000000 152805
9.000000 170248
10.000000 188822
11.000000 208626
12.000000 226616
13.000000 247595
14.000000 267798
15.000000 288656
16.000000 308935
17.000000 329615
18.000000 350734
19.000000 373612
20.000000 396124
21.000000 418187
22.000000 445538
23.000000 476386
24.000000 513415
25.000000 554587
26.000000 604186
27.000000 655207
28.000000 707737
29.000000 767359
30.000000 808781
31.000000 859497
32.000000 912415
33.000000 964229
34.000000 1020171
35.000000 1076339
36.000000 1131594
37.000000 1184305
38.000000 1233197
39.000000 1279257
40.000000 1323800
41.000000 1362607
42.000000 1381316
43.000000 1405022
44.000000 1427108
45.000000 1454532
46.000000 1483007
47.000000 1507789
48.000000 1543591
49.000000 1573324
50.000000 1599997
51.000000 1625244
52.000000 1646987
53.000000 1663452
54.000000 1675052
55.000000 1688929
56.000000 1696902
57.000000 1703123
58.000000 1703472
59.000000 1704980
60.000000 1700397
61.000000 1696283
62.000000 1686277
63.000000 1676311
64.000000 1659151
65.000000 1647519
66.000000 1631947
67.000000 1624963
68.000000 1631318
69.000000 1671468
70.000000 1658821
71.000000 1621842
72.000000 1575444
73.000000 1529140
74.000000 1482399
75.000000 1446730
76.000000 1423350
77.000000 1413331
78.000000 1360667
79.000000 1311454
80.000000 1267089
81.000000 1221923
82.000000 1185944
83.000000 1158622
84.000000 1128827
85.000000 1103256
86.000000 1078661
87.000000 1047006
88.000000 1019394
89.000000 1014990
90.000000 991742
91.000000 942056
92.000000 920134
93.000000 905350
94.000000 884141
95.000000 859738
96.000000 843389
97.000000 820598
98.000000 801712
99.000000 788142
100.000000 775053
101.000000 762255
102.000000 746045
103.000000 724645
104.000000 708237
105.000000 692260
106.000000 676309
107.000000 661477
108.000000 643365
109.000000 620024
110.000000 593550
111.000000 565713
112.000000 544769
113.000000 525074
114.000000 506526
115.000000 490473
116.000000 473127
117.000000 456939
118.000000 440978
119.000000 423137
120.000000 406829
121.000000 390775
122.000000 374859
123.000000 357518
124.000000 341485
125.000000 323367
126.000000 308658
127.000000 291756
128.000000 276076
129.000000 261074
130.000000 246696
131.000000 232848
132.000000 217746
133.000000 205443
134.000000 194807
135.000000 183886
136.000000 174532
137.000000 166456
138.000000 158876
139.000000 152873
140.000000 145749
141.000000 139991
142.000000 134093
143.000000 128598
144.000000 122637
145.000000 118307
146.000000 113145
147.000000 108311
148.000000 103942
149.000000 99767
150.000000 95067
151.000000 91473
152.000000 87452
153.000000 84038
154.000000 80960
155.000000 77674
156.000000 74237
157.000000 71570
158.000000 68417
159.000000 65296
160.000000 62703
161.000000 59471
162.000000 56374
163.000000 52872
164.000000 49569
165.000000 46690
166.000000 43681
167.000000 40988
168.000000 37617
169.000000 35096
170.000000 32477
171.000000 30097
172.000000 28090
173.000000 23873
174.000000 19886
175.000000 16662
176.000000 13144
177.000000 9644
178.000000 6375
179.000000 121940
180.000000 300119
