Number of points = 1191513
Number of subfaces = 1500562
Number of segments = 955432
Number of tetrahedra = 5202534
Number of bad tetrahedra = 625634
Total time = 48786.000000
CPU time = 9676.000000
  Splitting segments time = 4612.000000
  Splitting subfaces time = 386.000000
  Splitting bad tets time = 0.000000
GPU time = 39110.000000
  Reconstruction time = 3921.819336
  Initialization time = 464.242126
  Splitting segments time = 34635.835938
  Splitting subfaces time = 0.000000
  Splitting bad tets time = 0.000000
  Output final mesh  time = 63.689213
0.000000 210675
1.000000 12670
2.000000 18829
3.000000 22749
4.000000 27144
5.000000 31071
6.000000 34317
7.000000 38253
8.000000 42296
9.000000 46699
10.000000 50721
11.000000 55339
12.000000 58995
13.000000 63852
14.000000 68527
15.000000 73667
16.000000 78466
17.000000 84227
18.000000 89848
19.000000 95599
20.000000 102877
21.000000 108627
22.000000 116291
23.000000 125006
24.000000 134540
25.000000 146310
26.000000 157696
27.000000 171859
28.000000 185345
29.000000 201389
30.000000 212732
31.000000 226313
32.000000 238412
33.000000 252811
34.000000 264292
35.000000 276454
36.000000 288858
37.000000 299448
38.000000 311702
39.000000 320593
40.000000 329457
41.000000 337648
42.000000 342220
43.000000 346227
44.000000 351045
45.000000 355853
46.000000 359609
47.000000 368236
48.000000 375158
49.000000 383980
50.000000 391661
51.000000 396469
52.000000 404285
53.000000 410218
54.000000 416031
55.000000 422464
56.000000 426230
57.000000 432380
58.000000 433723
59.000000 437021
60.000000 436603
61.000000 433712
62.000000 433385
63.000000 430748
64.000000 425854
65.000000 422319
66.000000 415626
67.000000 409970
68.000000 410260
69.000000 415945
70.000000 408413
71.000000 399402
72.000000 387346
73.000000 376242
74.000000 365613
75.000000 357764
76.000000 353817
77.000000 356390
78.000000 345461
79.000000 334199
80.000000 321991
81.000000 309330
82.000000 300119
83.000000 290106
84.000000 280290
85.000000 273161
86.000000 268322
87.000000 261495
88.000000 258090
89.000000 260039
90.000000 251568
91.000000 234354
92.000000 228257
93.000000 221095
94.000000 216144
95.000000 212388
96.000000 209064
97.000000 204603
98.000000 202734
99.000000 199606
100.000000 197613
101.000000 195736
102.000000 190570
103.000000 182747
104.000000 177179
105.000000 171679
106.000000 167732
107.000000 163404
108.000000 160005
109.000000 156243
110.000000 150559
111.000000 145632
112.000000 140113
113.000000 136304
114.000000 132119
115.000000 128635
116.000000 124939
117.000000 120861
118.000000 116336
119.000000 111977
120.000000 108376
121.000000 104103
122.000000 99680
123.000000 93871
124.000000 89967
125.000000 84789
126.000000 80243
127.000000 75404
128.000000 70855
129.000000 66281
130.000000 63024
131.000000 59345
132.000000 55296
133.000000 52129
134.000000 48987
135.000000 46117
136.000000 44229
137.000000 42375
138.000000 40526
139.000000 38314
140.000000 37202
141.000000 35642
142.000000 33810
143.000000 32856
144.000000 31207
145.000000 30074
146.000000 29024
147.000000 27469
148.000000 26437
149.000000 25328
150.000000 24014
151.000000 23137
152.000000 22238
153.000000 21509
154.000000 20685
155.000000 19624
156.000000 18889
157.000000 18064
158.000000 17345
159.000000 16755
160.000000 16007
161.000000 15283
162.000000 14611
163.000000 13805
164.000000 12744
165.000000 12117
166.000000 11640
167.000000 10808
168.000000 9994
169.000000 9471
170.000000 8753
171.000000 8681
172.000000 7469
173.000000 7214
174.000000 6412
175.000000 4797
176.000000 3906
177.000000 3199
178.000000 2245
179.000000 30104
180.000000 73102
