Number of points = 1198909
Number of subfaces = 1507262
Number of segments = 958229
Number of tetrahedra = 5241055
Number of bad tetrahedra = 612488
Total time = 324192.000000
CPU time = 324192.000000
  Splitting segments time = 4621.000000
  Splitting subfaces time = 394.000000
  Splitting bad tets time = 309414.000000
GPU time = 0.000000
  Reconstruction time = 0.000000
  Initialization time = 0.000000
  Splitting segments time = 0.000000
  Splitting subfaces time = 0.000000
  Splitting bad tets time = 0.000000
  Output final mesh  time = 0.000000
0.000000 211924
1.000000 11202
2.000000 17502
3.000000 21929
4.000000 26393
5.000000 30460
6.000000 34229
7.000000 37840
8.000000 42197
9.000000 46497
10.000000 50596
11.000000 55634
12.000000 59783
13.000000 64611
14.000000 69787
15.000000 74670
16.000000 80170
17.000000 85502
18.000000 90529
19.000000 96738
20.000000 103643
21.000000 109998
22.000000 118077
23.000000 126755
24.000000 136576
25.000000 147483
26.000000 159710
27.000000 173455
28.000000 187268
29.000000 202520
30.000000 214807
31.000000 228018
32.000000 239981
33.000000 254182
34.000000 266589
35.000000 279935
36.000000 290453
37.000000 303961
38.000000 313880
39.000000 324512
40.000000 331513
41.000000 341562
42.000000 346350
43.000000 350292
44.000000 356091
45.000000 361498
46.000000 366045
47.000000 374636
48.000000 381383
49.000000 388905
50.000000 396010
51.000000 402927
52.000000 408562
53.000000 413390
54.000000 416458
55.000000 422174
56.000000 423661
57.000000 427907
58.000000 428771
59.000000 430643
60.000000 429941
61.000000 428308
62.000000 427770
63.000000 424692
64.000000 420218
65.000000 417394
66.000000 414036
67.000000 412107
68.000000 410387
69.000000 422988
70.000000 418005
71.000000 407887
72.000000 395374
73.000000 383588
74.000000 374472
75.000000 366814
76.000000 361335
77.000000 361209
78.000000 349424
79.000000 337683
80.000000 324714
81.000000 314877
82.000000 305551
83.000000 294856
84.000000 285940
85.000000 278470
86.000000 274041
87.000000 267334
88.000000 261767
89.000000 261860
90.000000 253743
91.000000 237814
92.000000 230361
93.000000 224331
94.000000 218929
95.000000 214660
96.000000 210909
97.000000 207733
98.000000 204558
99.000000 202715
100.000000 200566
101.000000 196582
102.000000 191977
103.000000 186163
104.000000 180333
105.000000 174036
106.000000 170460
107.000000 166032
108.000000 162582
109.000000 158522
110.000000 153280
111.000000 146242
112.000000 139993
113.000000 135695
114.000000 131976
115.000000 126756
116.000000 123110
117.000000 119020
118.000000 114525
119.000000 110593
120.000000 106089
121.000000 101549
122.000000 97657
123.000000 92781
124.000000 88564
125.000000 84216
126.000000 79800
127.000000 74775
128.000000 71021
129.000000 66844
130.000000 63105
131.000000 59735
132.000000 56210
133.000000 52751
134.000000 49803
135.000000 47288
136.000000 45025
137.000000 43270
138.000000 40962
139.000000 39384
140.000000 37268
141.000000 36223
142.000000 34832
143.000000 33439
144.000000 31734
145.000000 30397
146.000000 29151
147.000000 27893
148.000000 26766
149.000000 25549
150.000000 24752
151.000000 23638
152.000000 22812
153.000000 21758
154.000000 20561
155.000000 20158
156.000000 18957
157.000000 18466
158.000000 17916
159.000000 16857
160.000000 16107
161.000000 15532
162.000000 14547
163.000000 14026
164.000000 13092
165.000000 12139
166.000000 11375
167.000000 10509
168.000000 9823
169.000000 9192
170.000000 8709
171.000000 7978
172.000000 7277
173.000000 6706
174.000000 5891
175.000000 4468
176.000000 3770
177.000000 2885
178.000000 1927
179.000000 30167
180.000000 74242
