Number of points = 1208844
Number of subfaces = 1515752
Number of segments = 961529
Number of tetrahedra = 5288455
Number of bad tetrahedra = 619716
Total time = 250267.000000
CPU time = 4183.000000
  Splitting segments time = 0.000000
  Splitting subfaces time = 0.000000
  Splitting bad tets time = 0.000000
GPU time = 246084.000000
  Reconstruction time = 1709.186157
  Initialization time = 389.516388
  Splitting segments time = 32711.564453
  Splitting subfaces time = 1353.166992
  Splitting bad tets time = 209831.390625
  Output final mesh  time = 67.088409
0.000000 221965
1.000000 11574
2.000000 17923
3.000000 22589
4.000000 26642
5.000000 30435
6.000000 33825
7.000000 37625
8.000000 41506
9.000000 46269
10.000000 51110
11.000000 55436
12.000000 60447
13.000000 65158
14.000000 70264
15.000000 75511
16.000000 79949
17.000000 86291
18.000000 91966
19.000000 97786
20.000000 104339
21.000000 110774
22.000000 118328
23.000000 126330
24.000000 135157
25.000000 146242
26.000000 158076
27.000000 171654
28.000000 183812
29.000000 197993
30.000000 209239
31.000000 222806
32.000000 236541
33.000000 249460
34.000000 263489
35.000000 277477
36.000000 289372
37.000000 302316
38.000000 314618
39.000000 325282
40.000000 337161
41.000000 346499
42.000000 352439
43.000000 359491
44.000000 366886
45.000000 374836
46.000000 382055
47.000000 390255
48.000000 398705
49.000000 408209
50.000000 414824
51.000000 418923
52.000000 423919
53.000000 427073
54.000000 427734
55.000000 428797
56.000000 429867
57.000000 428839
58.000000 427355
59.000000 426887
60.000000 420867
61.000000 418483
62.000000 415150
63.000000 411403
64.000000 408138
65.000000 406061
66.000000 404166
67.000000 404327
68.000000 408977
69.000000 423950
70.000000 423264
71.000000 418694
72.000000 407415
73.000000 395950
74.000000 384726
75.000000 375723
76.000000 370437
77.000000 367166
78.000000 353726
79.000000 339817
80.000000 326400
81.000000 315583
82.000000 307151
83.000000 299653
84.000000 292540
85.000000 284383
86.000000 280444
87.000000 273410
88.000000 268226
89.000000 267095
90.000000 258014
91.000000 243444
92.000000 235668
93.000000 229231
94.000000 224222
95.000000 219134
96.000000 214213
97.000000 209612
98.000000 205948
99.000000 203348
100.000000 202878
101.000000 200843
102.000000 197735
103.000000 192173
104.000000 185636
105.000000 179514
106.000000 174843
107.000000 170042
108.000000 165672
109.000000 160707
110.000000 153443
111.000000 145109
112.000000 139062
113.000000 133032
114.000000 128259
115.000000 123834
116.000000 119523
117.000000 115493
118.000000 111191
119.000000 107402
120.000000 104202
121.000000 99558
122.000000 95594
123.000000 92058
124.000000 87945
125.000000 83821
126.000000 79709
127.000000 75244
128.000000 71863
129.000000 68563
130.000000 64799
131.000000 60806
132.000000 56722
133.000000 53836
134.000000 50210
135.000000 47321
136.000000 45222
137.000000 43184
138.000000 41297
139.000000 39592
140.000000 37699
141.000000 36294
142.000000 34992
143.000000 33197
144.000000 31819
145.000000 30295
146.000000 29653
147.000000 27900
148.000000 27143
149.000000 25723
150.000000 24778
151.000000 23829
152.000000 22920
153.000000 22257
154.000000 21271
155.000000 20241
156.000000 19694
157.000000 18819
158.000000 17832
159.000000 17335
160.000000 16204
161.000000 15410
162.000000 15010
163.000000 13858
164.000000 12935
165.000000 12055
166.000000 11136
167.000000 10421
168.000000 9583
169.000000 9000
170.000000 8506
171.000000 7922
172.000000 7191
173.000000 6678
174.000000 6194
175.000000 4622
176.000000 3738
177.000000 2792
178.000000 2153
179.000000 31911
180.000000 77294
