Number of points = 4359696
Number of subfaces = 4817104
Number of segments = 2250543
Number of tetrahedra = 20125509
Number of bad tetrahedra = 1631035
Total time = 129965.000000
CPU time = 19559.000000
  Splitting segments time = 10292.000000
  Splitting subfaces time = 3017.000000
  Splitting bad tets time = 0.000000
GPU time = 110406.000000
  Reconstruction time = 7818.641113
  Initialization time = 708.544678
  Splitting segments time = 101575.195313
  Splitting subfaces time = 0.000000
  Splitting bad tets time = 0.000000
  Output final mesh  time = 220.976028
0.000000 774080
1.000000 56014
2.000000 71444
3.000000 86345
4.000000 99393
5.000000 113977
6.000000 126644
7.000000 142260
8.000000 156000
9.000000 168695
10.000000 182775
11.000000 196370
12.000000 207834
13.000000 222203
14.000000 238783
15.000000 255605
16.000000 273763
17.000000 293290
18.000000 312418
19.000000 334134
20.000000 357403
21.000000 383510
22.000000 412211
23.000000 445890
24.000000 484358
25.000000 527063
26.000000 574895
27.000000 630245
28.000000 688616
29.000000 761319
30.000000 795215
31.000000 838379
32.000000 887386
33.000000 938725
34.000000 990706
35.000000 1044144
36.000000 1098073
37.000000 1147570
38.000000 1197866
39.000000 1244088
40.000000 1282323
41.000000 1326384
42.000000 1337852
43.000000 1359476
44.000000 1382025
45.000000 1411823
46.000000 1433721
47.000000 1463043
48.000000 1493655
49.000000 1523092
50.000000 1550003
51.000000 1571388
52.000000 1596711
53.000000 1613603
54.000000 1628487
55.000000 1640145
56.000000 1650851
57.000000 1660894
58.000000 1668308
59.000000 1667487
60.000000 1667707
61.000000 1663012
62.000000 1662331
63.000000 1652752
64.000000 1643202
65.000000 1635387
66.000000 1629320
67.000000 1629037
68.000000 1637983
69.000000 1675006
70.000000 1657787
71.000000 1617653
72.000000 1569801
73.000000 1523262
74.000000 1483313
75.000000 1440833
76.000000 1417617
77.000000 1407793
78.000000 1351969
79.000000 1301055
80.000000 1255521
81.000000 1215053
82.000000 1179530
83.000000 1146024
84.000000 1116890
85.000000 1091592
86.000000 1066253
87.000000 1039867
88.000000 1019799
89.000000 1076948
90.000000 1065223
91.000000 945811
92.000000 913883
93.000000 889980
94.000000 868851
95.000000 846008
96.000000 828428
97.000000 806566
98.000000 791963
99.000000 774521
100.000000 758443
101.000000 743221
102.000000 726110
103.000000 700170
104.000000 681571
105.000000 660368
106.000000 645098
107.000000 625442
108.000000 607020
109.000000 587669
110.000000 566087
111.000000 539703
112.000000 520146
113.000000 501014
114.000000 482970
115.000000 464588
116.000000 449150
117.000000 433073
118.000000 418447
119.000000 402193
120.000000 387161
121.000000 371628
122.000000 354608
123.000000 338382
124.000000 323003
125.000000 307671
126.000000 292845
127.000000 277380
128.000000 263211
129.000000 248958
130.000000 236491
131.000000 223962
132.000000 211622
133.000000 200084
134.000000 189549
135.000000 180094
136.000000 171264
137.000000 163775
138.000000 156976
139.000000 150116
140.000000 143287
141.000000 137548
142.000000 132045
143.000000 126546
144.000000 121630
145.000000 115940
146.000000 111635
147.000000 106022
148.000000 101980
149.000000 98001
150.000000 93408
151.000000 89783
152.000000 85829
153.000000 82284
154.000000 79013
155.000000 75399
156.000000 71763
157.000000 69050
158.000000 65871
159.000000 62915
160.000000 60924
161.000000 57069
162.000000 54474
163.000000 51411
164.000000 48162
165.000000 44771
166.000000 41865
167.000000 38804
168.000000 35277
169.000000 32403
170.000000 29843
171.000000 26620
172.000000 23701
173.000000 20730
174.000000 17723
175.000000 14493
176.000000 11606
177.000000 8542
178.000000 5259
179.000000 98227
180.000000 273447
