Number of points = 4202950
Number of subfaces = 4734920
Number of segments = 2241369
Number of tetrahedra = 19226424
Number of bad tetrahedra = 1667906
Total time = 226252.000000
CPU time = 4466.000000
  Splitting segments time = 0.000000
  Splitting subfaces time = 0.000000
  Splitting bad tets time = 0.000000
GPU time = 221786.000000
  Reconstruction time = 1898.489380
  Initialization time = 884.606689
  Splitting segments time = 26809.480469
  Splitting subfaces time = 3630.012451
  Splitting bad tets time = 188301.984375
  Output final mesh  time = 209.087860
0.000000 766778
1.000000 56836
2.000000 70777
3.000000 86038
4.000000 98175
5.000000 110858
6.000000 123124
7.000000 136354
8.000000 149321
9.000000 162725
10.000000 174900
11.000000 189812
12.000000 201713
13.000000 217373
14.000000 234867
15.000000 251776
16.000000 268804
17.000000 289133
18.000000 307881
19.000000 329292
20.000000 352588
21.000000 375035
22.000000 403134
23.000000 432697
24.000000 468385
25.000000 508060
26.000000 549936
27.000000 600094
28.000000 646510
29.000000 703745
30.000000 742798
31.000000 786338
32.000000 831088
33.000000 882303
34.000000 934700
35.000000 987317
36.000000 1041203
37.000000 1092048
38.000000 1143790
39.000000 1186885
40.000000 1232757
41.000000 1274060
42.000000 1291679
43.000000 1320559
44.000000 1349229
45.000000 1379203
46.000000 1404164
47.000000 1432143
48.000000 1461256
49.000000 1487793
50.000000 1510722
51.000000 1529422
52.000000 1542079
53.000000 1552959
54.000000 1562202
55.000000 1563770
56.000000 1564275
57.000000 1564312
58.000000 1561978
59.000000 1553434
60.000000 1547765
61.000000 1536644
62.000000 1528477
63.000000 1519791
64.000000 1508462
65.000000 1503509
66.000000 1503231
67.000000 1506324
68.000000 1520783
69.000000 1564888
70.000000 1558539
71.000000 1527716
72.000000 1487053
73.000000 1448143
74.000000 1416433
75.000000 1385354
76.000000 1359967
77.000000 1337751
78.000000 1288254
79.000000 1246214
80.000000 1208419
81.000000 1171886
82.000000 1143149
83.000000 1114541
84.000000 1092938
85.000000 1070871
86.000000 1043270
87.000000 1021481
88.000000 999068
89.000000 1032401
90.000000 1014580
91.000000 923183
92.000000 893134
93.000000 866746
94.000000 845932
95.000000 824487
96.000000 803805
97.000000 780251
98.000000 762846
99.000000 746909
100.000000 728773
101.000000 713893
102.000000 700491
103.000000 680624
104.000000 660156
105.000000 639078
106.000000 621634
107.000000 603409
108.000000 585780
109.000000 565296
110.000000 541217
111.000000 514154
112.000000 491101
113.000000 471127
114.000000 450069
115.000000 436381
116.000000 419912
117.000000 405504
118.000000 390007
119.000000 376475
120.000000 361442
121.000000 348126
122.000000 332551
123.000000 318152
124.000000 303971
125.000000 290418
126.000000 276898
127.000000 262417
128.000000 249458
129.000000 237232
130.000000 225610
131.000000 213944
132.000000 203261
133.000000 192989
134.000000 182465
135.000000 172858
136.000000 164791
137.000000 157242
138.000000 150916
139.000000 144422
140.000000 138523
141.000000 132428
142.000000 127082
143.000000 122856
144.000000 116606
145.000000 112834
146.000000 108312
147.000000 103733
148.000000 100316
149.000000 96648
150.000000 92650
151.000000 87950
152.000000 84835
153.000000 81204
154.000000 77659
155.000000 74092
156.000000 70277
157.000000 67156
158.000000 63828
159.000000 61491
160.000000 57555
161.000000 54852
162.000000 51823
163.000000 48639
164.000000 45416
165.000000 42743
166.000000 40311
167.000000 36932
168.000000 34045
169.000000 31145
170.000000 28548
171.000000 25802
172.000000 22774
173.000000 20022
174.000000 17384
175.000000 14422
176.000000 11107
177.000000 8693
178.000000 5259
179.000000 97967
180.000000 269999
