Number of points = 2134679
Number of subfaces = 2461106
Number of segments = 1389605
Number of tetrahedra = 9632245
Number of bad tetrahedra = 930912
Total time = 1031831.000000
CPU time = 1031831.000000
  Splitting segments time = 5737.000000
  Splitting subfaces time = 366.000000
  Splitting bad tets time = 1010040.000000
GPU time = 0.000000
  Reconstruction time = 0.000000
  Initialization time = 0.000000
  Splitting segments time = 0.000000
  Splitting subfaces time = 0.000000
  Splitting bad tets time = 0.000000
  Output final mesh  time = 0.000000
0.000000 402656
1.000000 19866
2.000000 29073
3.000000 37132
4.000000 44913
5.000000 52321
6.000000 60276
7.000000 68079
8.000000 75308
9.000000 83091
10.000000 91516
11.000000 99019
12.000000 106545
13.000000 114787
14.000000 123125
15.000000 132762
16.000000 141187
17.000000 151708
18.000000 161236
19.000000 171785
20.000000 182534
21.000000 195788
22.000000 208559
23.000000 224241
24.000000 242465
25.000000 262488
26.000000 285246
27.000000 309416
28.000000 334178
29.000000 361034
30.000000 380072
31.000000 402956
32.000000 425003
33.000000 451729
34.000000 475264
35.000000 500829
36.000000 525920
37.000000 549184
38.000000 571969
39.000000 593361
40.000000 611766
41.000000 628951
42.000000 635972
43.000000 649491
44.000000 661166
45.000000 673344
46.000000 685448
47.000000 700713
48.000000 714621
49.000000 729624
50.000000 742126
51.000000 752338
52.000000 763255
53.000000 769998
54.000000 778223
55.000000 782792
56.000000 786657
57.000000 789194
58.000000 789409
59.000000 792371
60.000000 790406
61.000000 787741
62.000000 785211
63.000000 779608
64.000000 776097
65.000000 772559
66.000000 767134
67.000000 768569
68.000000 771934
69.000000 790765
70.000000 784297
71.000000 763561
72.000000 743383
73.000000 719593
74.000000 701033
75.000000 684877
76.000000 673304
77.000000 666618
78.000000 641539
79.000000 617991
80.000000 595479
81.000000 574653
82.000000 556261
83.000000 542143
84.000000 528584
85.000000 517356
86.000000 505959
87.000000 494402
88.000000 484750
89.000000 496713
90.000000 485758
91.000000 448917
92.000000 435632
93.000000 424255
94.000000 412946
95.000000 404584
96.000000 394893
97.000000 387179
98.000000 380740
99.000000 372546
100.000000 364595
101.000000 358172
102.000000 349632
103.000000 339764
104.000000 330233
105.000000 320737
106.000000 312124
107.000000 303880
108.000000 295716
109.000000 285149
110.000000 275274
111.000000 262979
112.000000 251985
113.000000 241436
114.000000 233331
115.000000 224217
116.000000 216349
117.000000 208729
118.000000 201364
119.000000 192877
120.000000 185845
121.000000 177311
122.000000 171354
123.000000 163457
124.000000 156083
125.000000 148618
126.000000 141194
127.000000 134024
128.000000 126185
129.000000 120641
130.000000 114102
131.000000 107797
132.000000 101892
133.000000 96616
134.000000 91179
135.000000 86212
136.000000 81996
137.000000 78246
138.000000 75408
139.000000 72342
140.000000 69558
141.000000 66167
142.000000 63702
143.000000 61312
144.000000 58851
145.000000 56378
146.000000 53780
147.000000 51350
148.000000 49697
149.000000 47733
150.000000 45741
151.000000 43908
152.000000 41916
153.000000 40501
154.000000 38991
155.000000 37756
156.000000 35926
157.000000 34386
158.000000 32867
159.000000 30975
160.000000 30039
161.000000 28386
162.000000 26841
163.000000 25421
164.000000 23662
165.000000 22658
166.000000 20987
167.000000 19610
168.000000 18208
169.000000 16612
170.000000 15551
171.000000 13742
172.000000 12526
173.000000 10998
174.000000 9662
175.000000 8192
176.000000 6746
177.000000 5259
178.000000 3570
179.000000 53967
180.000000 144243
