Number of points = 4272690
Number of subfaces = 4722650
Number of segments = 2223341
Number of tetrahedra = 19719224
Number of bad tetrahedra = 1631112
Total time = 3990034.000000
CPU time = 3990034.000000
  Splitting segments time = 10104.000000
  Splitting subfaces time = 3037.000000
  Splitting bad tets time = 3949260.000000
GPU time = 0.000000
  Reconstruction time = 0.000000
  Initialization time = 0.000000
  Splitting segments time = 0.000000
  Splitting subfaces time = 0.000000
  Splitting bad tets time = 0.000000
  Output final mesh  time = 0.000000
0.000000 765880
1.000000 55388
2.000000 70317
3.000000 85238
4.000000 98628
5.000000 111226
6.000000 125324
7.000000 139106
8.000000 152628
9.000000 166496
10.000000 179151
11.000000 192990
12.000000 205620
13.000000 221833
14.000000 237051
15.000000 254191
16.000000 272807
17.000000 290460
18.000000 311816
19.000000 332149
20.000000 355067
21.000000 378854
22.000000 408788
23.000000 442599
24.000000 480010
25.000000 521422
26.000000 567569
27.000000 621102
28.000000 675267
29.000000 742088
30.000000 778891
31.000000 822658
32.000000 870365
33.000000 923308
34.000000 973136
35.000000 1023397
36.000000 1076550
37.000000 1128045
38.000000 1176301
39.000000 1219698
40.000000 1260886
41.000000 1301032
42.000000 1317142
43.000000 1340482
44.000000 1364718
45.000000 1392261
46.000000 1413723
47.000000 1438312
48.000000 1469310
49.000000 1494044
50.000000 1514460
51.000000 1537995
52.000000 1556025
53.000000 1572139
54.000000 1588777
55.000000 1597473
56.000000 1603647
57.000000 1610344
58.000000 1616779
59.000000 1616128
60.000000 1612731
61.000000 1609056
62.000000 1603537
63.000000 1596889
64.000000 1589634
65.000000 1580399
66.000000 1577390
67.000000 1578211
68.000000 1593519
69.000000 1630201
70.000000 1616751
71.000000 1579903
72.000000 1534702
73.000000 1489531
74.000000 1450995
75.000000 1417320
76.000000 1391816
77.000000 1381885
78.000000 1330621
79.000000 1282424
80.000000 1238238
81.000000 1199812
82.000000 1164005
83.000000 1134342
84.000000 1107261
85.000000 1082187
86.000000 1055667
87.000000 1033624
88.000000 1011785
89.000000 1047854
90.000000 1029092
91.000000 932678
92.000000 904646
93.000000 879463
94.000000 856968
95.000000 836009
96.000000 815678
97.000000 796403
98.000000 779228
99.000000 760669
100.000000 743107
101.000000 727434
102.000000 712172
103.000000 690229
104.000000 670365
105.000000 650028
106.000000 632340
107.000000 616431
108.000000 597019
109.000000 578348
110.000000 556231
111.000000 528533
112.000000 508630
113.000000 488218
114.000000 469636
115.000000 453404
116.000000 436620
117.000000 420847
118.000000 406228
119.000000 391594
120.000000 375918
121.000000 361024
122.000000 344501
123.000000 329661
124.000000 314854
125.000000 299291
126.000000 284919
127.000000 270427
128.000000 257280
129.000000 243805
130.000000 231416
131.000000 219970
132.000000 207577
133.000000 197854
134.000000 187057
135.000000 178003
136.000000 169740
137.000000 162238
138.000000 154800
139.000000 148795
140.000000 141532
141.000000 136101
142.000000 129978
143.000000 124787
144.000000 119811
145.000000 115073
146.000000 109781
147.000000 105637
148.000000 101088
149.000000 96902
150.000000 92776
151.000000 89260
152.000000 85037
153.000000 81175
154.000000 78265
155.000000 74264
156.000000 71796
157.000000 68509
158.000000 65345
159.000000 62669
160.000000 59282
161.000000 56155
162.000000 52920
163.000000 49919
164.000000 46749
165.000000 43841
166.000000 40809
167.000000 37854
168.000000 34773
169.000000 31868
170.000000 28763
171.000000 26131
172.000000 23059
173.000000 20204
174.000000 17106
175.000000 14503
176.000000 11569
177.000000 8215
178.000000 5117
179.000000 97242
180.000000 270720
