Number of points = 2152093
Number of subfaces = 2496474
Number of segments = 1401696
Number of tetrahedra = 9680252
Number of bad tetrahedra = 959887
Total time = 86641.000000
CPU time = 11831.000000
  Splitting segments time = 5754.000000
  Splitting subfaces time = 367.000000
  Splitting bad tets time = 0.000000
GPU time = 74810.000000
  Reconstruction time = 5028.265137
  Initialization time = 528.953857
  Splitting segments time = 69105.109375
  Splitting subfaces time = 0.000000
  Splitting bad tets time = 0.000000
  Output final mesh  time = 117.284698
0.000000 398422
1.000000 20444
2.000000 29559
3.000000 37929
4.000000 45806
5.000000 53350
6.000000 61099
7.000000 68554
8.000000 77135
9.000000 83727
10.000000 92303
11.000000 100122
12.000000 107314
13.000000 115390
14.000000 123970
15.000000 132630
16.000000 141922
17.000000 150402
18.000000 161197
19.000000 172487
20.000000 183391
21.000000 195225
22.000000 209475
23.000000 225210
24.000000 243517
25.000000 263693
26.000000 287514
27.000000 311403
28.000000 335879
29.000000 367032
30.000000 383736
31.000000 406761
32.000000 428635
33.000000 454804
34.000000 478660
35.000000 503680
36.000000 527028
37.000000 549778
38.000000 573863
39.000000 592675
40.000000 611052
41.000000 629350
42.000000 637256
43.000000 648063
44.000000 657024
45.000000 670357
46.000000 684924
47.000000 699685
48.000000 713114
49.000000 729193
50.000000 742950
51.000000 754655
52.000000 764867
53.000000 774888
54.000000 782729
55.000000 790151
56.000000 797114
57.000000 802345
58.000000 804359
59.000000 806455
60.000000 804776
61.000000 804343
62.000000 799946
63.000000 796610
64.000000 792782
65.000000 786050
66.000000 780179
67.000000 780255
68.000000 781274
69.000000 797460
70.000000 788598
71.000000 767282
72.000000 742661
73.000000 718846
74.000000 699835
75.000000 682007
76.000000 669005
77.000000 665248
78.000000 641627
79.000000 617278
80.000000 593387
81.000000 572979
82.000000 554919
83.000000 537019
84.000000 524717
85.000000 512985
86.000000 500703
87.000000 490444
88.000000 481129
89.000000 501239
90.000000 492967
91.000000 448066
92.000000 434577
93.000000 420823
94.000000 411536
95.000000 401900
96.000000 393201
97.000000 386105
98.000000 378168
99.000000 372766
100.000000 366611
101.000000 359787
102.000000 350648
103.000000 339147
104.000000 330221
105.000000 320703
106.000000 313228
107.000000 304399
108.000000 295395
109.000000 286311
110.000000 275925
111.000000 264347
112.000000 254209
113.000000 245474
114.000000 236626
115.000000 228248
116.000000 220250
117.000000 213165
118.000000 204739
119.000000 198445
120.000000 190203
121.000000 182561
122.000000 174629
123.000000 166527
124.000000 158911
125.000000 151409
126.000000 143248
127.000000 136079
128.000000 128865
129.000000 122537
130.000000 115519
131.000000 109167
132.000000 103187
133.000000 97350
134.000000 91778
135.000000 87148
136.000000 82870
137.000000 78932
138.000000 75544
139.000000 72726
140.000000 68959
141.000000 66734
142.000000 64167
143.000000 61300
144.000000 59182
145.000000 56408
146.000000 53795
147.000000 51914
148.000000 49683
149.000000 47842
150.000000 45747
151.000000 43938
152.000000 41716
153.000000 40600
154.000000 38880
155.000000 37589
156.000000 36028
157.000000 33996
158.000000 32813
159.000000 31240
160.000000 30711
161.000000 28529
162.000000 27041
163.000000 25841
164.000000 24206
165.000000 22984
166.000000 21451
167.000000 20082
168.000000 18155
169.000000 16917
170.000000 15628
171.000000 14121
172.000000 12677
173.000000 11345
174.000000 10145
175.000000 8379
176.000000 6914
177.000000 5105
178.000000 3821
179.000000 53191
180.000000 142726
