Number of points = 2141551
Number of subfaces = 2498256
Number of segments = 1407530
Number of tetrahedra = 9595613
Number of bad tetrahedra = 930025
Total time = 161972.000000
CPU time = 4599.000000
  Splitting segments time = 0.000000
  Splitting subfaces time = 0.000000
  Splitting bad tets time = 0.000000
GPU time = 157373.000000
  Reconstruction time = 1655.871704
  Initialization time = 447.693054
  Splitting segments time = 8543.716797
  Splitting subfaces time = 221.635529
  Splitting bad tets time = 146347.875000
  Output final mesh  time = 114.060562
0.000000 399008
1.000000 20025
2.000000 28871
3.000000 37356
4.000000 44572
5.000000 51729
6.000000 59575
7.000000 67004
8.000000 74383
9.000000 81969
10.000000 89795
11.000000 97226
12.000000 105393
13.000000 113897
14.000000 122604
15.000000 132344
16.000000 141810
17.000000 150825
18.000000 160825
19.000000 171401
20.000000 183485
21.000000 194103
22.000000 206974
23.000000 222191
24.000000 239075
25.000000 258430
26.000000 279479
27.000000 302778
28.000000 324718
29.000000 349220
30.000000 369356
31.000000 391397
32.000000 415731
33.000000 441230
34.000000 466093
35.000000 490692
36.000000 517069
37.000000 541980
38.000000 566160
39.000000 589237
40.000000 609751
41.000000 629024
42.000000 640462
43.000000 654909
44.000000 669000
45.000000 685005
46.000000 698898
47.000000 715080
48.000000 732604
49.000000 750126
50.000000 760848
51.000000 768618
52.000000 776981
53.000000 782953
54.000000 784937
55.000000 786771
56.000000 787167
57.000000 784989
58.000000 782750
59.000000 779660
60.000000 773257
61.000000 769084
62.000000 762669
63.000000 756322
64.000000 751005
65.000000 746684
66.000000 745819
67.000000 747505
68.000000 756318
69.000000 779836
70.000000 776975
71.000000 761445
72.000000 742614
73.000000 723891
74.000000 705221
75.000000 688874
76.000000 674985
77.000000 664318
78.000000 638297
79.000000 613310
80.000000 593351
81.000000 572119
82.000000 557229
83.000000 544480
84.000000 530862
85.000000 519271
86.000000 509093
87.000000 497352
88.000000 491478
89.000000 502878
90.000000 491890
91.000000 456663
92.000000 439769
93.000000 426689
94.000000 415755
95.000000 407028
96.000000 396953
97.000000 388278
98.000000 380374
99.000000 374184
100.000000 367082
101.000000 361262
102.000000 355296
103.000000 343937
104.000000 333935
105.000000 324716
106.000000 314523
107.000000 306781
108.000000 296080
109.000000 285096
110.000000 273976
111.000000 258747
112.000000 246651
113.000000 235283
114.000000 226173
115.000000 217566
116.000000 209915
117.000000 202464
118.000000 195938
119.000000 188933
120.000000 181992
121.000000 174860
122.000000 168100
123.000000 161004
124.000000 154748
125.000000 146864
126.000000 140035
127.000000 133313
128.000000 126449
129.000000 119742
130.000000 113743
131.000000 106808
132.000000 101283
133.000000 95854
134.000000 90541
135.000000 85517
136.000000 82156
137.000000 78029
138.000000 74261
139.000000 71597
140.000000 68467
141.000000 65628
142.000000 62688
143.000000 60100
144.000000 57834
145.000000 55374
146.000000 53418
147.000000 51205
148.000000 49249
149.000000 47610
150.000000 45581
151.000000 43984
152.000000 42647
153.000000 41167
154.000000 39107
155.000000 37463
156.000000 35744
157.000000 34436
158.000000 32717
159.000000 31079
160.000000 29996
161.000000 28011
162.000000 26781
163.000000 25403
164.000000 23655
165.000000 22150
166.000000 20690
167.000000 19355
168.000000 17781
169.000000 16564
170.000000 14998
171.000000 13905
172.000000 12092
173.000000 11014
174.000000 9822
175.000000 8272
176.000000 6635
177.000000 5179
178.000000 3666
179.000000 53286
180.000000 143007
